1,43614,43614,0.178865
2,-82671,-39057,-0.160176
3,-44627,-83684,-0.343195
4,-53542,-137226,-0.562775
5,-95670,-232896,-0.955126
6,37533,-195363,-0.801200
7,73472,-121891,-0.499885
8,51337,-70554,-0.289348
9,-20428,-90982,-0.373125
10,86607,-4375,-0.017942
11,-87000,-91375,-0.374737
12,40833,-50542,-0.207277
13,33139,-17403,-0.071371
14,-93782,-111185,-0.455979
15,-13422,-124607,-0.511024
16,-2308,-126915,-0.520489
17,61526,-65389,-0.268166
18,-50566,-115955,-0.475541
19,91119,-24836,-0.101855
20,22955,-1881,-0.007714
21,59085,57204,0.234598
22,-16540,40664,0.166766
23,-24290,16374,0.067151
24,55440,71814,0.294515
25,-81899,-10085,-0.041359
26,81589,71504,0.293244
27,66615,138119,0.566438
28,-7197,130922,0.536922
29,58571,189493,0.777127
30,49487,238980,0.980077
31,61266,300246,1.231334
32,48898,349144,1.431869
33,-33238,315906,1.295557
34,-75492,240414,0.985958
35,-10743,229671,0.941900
36,45477,275148,1.128405
37,90086,365234,1.497855
38,-73718,291516,1.195531
39,40302,331818,1.360813
40,39873,371691,1.524336
41,-23783,347908,1.426800
42,-76630,271278,1.112534
43,94108,365386,1.498478
44,-90516,274870,1.127265
45,-24103,250767,1.028416
46,-8230,242537,0.994664
47,73921,316458,1.297821
48,-55827,260631,1.068869
49,-84784,175847,0.721163
50,-4468,171379,0.702840
51,70043,241422,0.990092
52,56287,297709,1.220929
53,-58618,239091,0.980532
54,39347,278438,1.141897
55,78234,356672,1.462742
56,-53437,303235,1.243592
57,39752,342987,1.406618
58,70834,413821,1.697114
59,-16025,397796,1.631395
60,-92754,305042,1.251003
61,38824,343866,1.410223
62,-60069,283797,1.163875
63,-73463,210334,0.862597
64,45092,255426,1.047523
65,26440,281866,1.155956
66,68450,350316,1.436675
67,-18378,331938,1.361305
68,-28715,303223,1.243543
69,13788,317011,1.300089
70,12513,329524,1.351405
71,-97627,231897,0.951029
72,-73846,158051,0.648180
73,766,158817,0.651322
74,88497,247314,1.014255
75,-61974,185340,0.760095
76,-87598,97742,0.400848
77,2955,100697,0.412967
78,-92735,7962,0.032653
79,-28803,-20841,-0.085471
80,-83707,-104548,-0.428760
81,34151,-70397,-0.288704
82,90862,20465,0.083929
83,-10025,10440,0.042815
84,46970,57410,0.235443
85,-87237,-29827,-0.122323
86,15194,-14633,-0.060011
87,78631,63998,0.262461
88,-2970,61028,0.250281
89,90388,151416,0.620970
90,71699,223115,0.915013
91,8470,231585,0.949749
92,-37352,194233,0.796566
93,68611,262844,1.077945
94,-13567,249277,1.022306
95,-74109,175168,0.718379
96,12460,187628,0.769478
97,-83361,104267,0.427608
98,-90559,13708,0.056218
99,-16498,-2790,-0.011442
100,-51281,-54071,-0.221750
101,5117,-48954,-0.200764
102,2638,-46316,-0.189946
103,-56778,-103094,-0.422797
104,86213,-16881,-0.069230
105,-54041,-70922,-0.290857
106,63862,-7060,-0.028954
107,-2619,-9679,-0.039694
108,-25082,-34761,-0.142558
109,-43129,-77890,-0.319433
110,-91051,-168941,-0.692841
111,21729,-147212,-0.603729
112,-4502,-151714,-0.622192
113,-85460,-237174,-0.972670
114,-85244,-322418,-1.322263
115,-21396,-343814,-1.410010
116,-38641,-382455,-1.568480
117,-14470,-396925,-1.627823
118,46517,-350408,-1.437052
119,-84737,-435145,-1.784566
120,-49216,-484361,-1.986405
121,8683,-475678,-1.950795
122,-2270,-477948,-1.960105
123,13113,-464835,-1.906327
124,32189,-432646,-1.774317
125,40440,-392206,-1.608470
126,30118,-362088,-1.484953
127,-69283,-431371,-1.769088
128,-80414,-511785,-2.098873
129,66010,-445775,-1.828161
130,-55667,-501442,-2.056456
131,-93868,-595310,-2.441416
132,-46939,-642249,-2.633917
133,75679,-566570,-2.323551
134,64038,-502532,-2.060926
135,82771,-419761,-1.721475
136,-54862,-474623,-1.946469
137,10880,-463743,-1.901849
138,-37511,-501254,-2.055685
139,51355,-449899,-1.845073
140,-39095,-488994,-2.005405
141,53322,-435672,-1.786727
142,1235,-434437,-1.781662
143,-98098,-532535,-2.183971
144,-47959,-580494,-2.380654
145,-26996,-607490,-2.491367
146,-35613,-643103,-2.637419
147,99717,-543386,-2.228471
148,58440,-484946,-1.988804
149,48302,-436644,-1.790714
150,-34474,-471118,-1.932094
151,75781,-395337,-1.621310
152,83790,-311547,-1.277680
153,57088,-254459,-1.043558
154,-25110,-279569,-1.146536
155,95131,-184438,-0.756396
156,-20202,-204640,-0.839246
157,-88277,-292917,-1.201277
158,50494,-242423,-0.994197
159,-30754,-273177,-1.120322
160,-24193,-297370,-1.219539
161,-39682,-337052,-1.382278
162,20025,-317027,-1.300154
163,-62755,-379782,-1.557518
164,54479,-325303,-1.334095
165,81871,-243432,-0.998335
166,-20804,-264236,-1.083654
167,-46783,-311019,-1.275515
168,-43072,-354091,-1.452157
169,-91957,-446048,-1.829280
170,80342,-365706,-1.499791
171,-38843,-404549,-1.659089
172,-31760,-436309,-1.789340
173,-7367,-443676,-1.819552
174,10029,-433647,-1.778423
175,-87300,-520947,-2.136447
176,-49134,-570081,-2.337950
177,-45742,-615823,-2.525542
178,54354,-561469,-2.302631
179,-48432,-609901,-2.501255
180,84996,-524905,-2.152679
181,-4199,-529104,-2.169900
182,48973,-480131,-1.969057
183,2643,-477488,-1.958218
184,-73940,-551428,-2.261452
185,59505,-491923,-2.017417
186,-77590,-569513,-2.335620
187,45464,-524049,-2.149169
188,9193,-514856,-2.111467
189,82679,-432177,-1.772394
190,41236,-390941,-1.603282
191,-50192,-441133,-1.809123
192,-8332,-449465,-1.843293
193,85096,-364369,-1.494308
194,18310,-346059,-1.419217
195,-65547,-411606,-1.688031
196,-54958,-466564,-1.913418
197,2346,-464218,-1.903797
198,75470,-388748,-1.594288
199,-76917,-465665,-1.909731
200,87510,-378155,-1.550845
201,-80657,-458812,-1.881626
202,85935,-372877,-1.529200
203,-97595,-470472,-1.929445
204,-94767,-565239,-2.318092
205,-18579,-583818,-2.394286
206,-6423,-590241,-2.420628
207,-27773,-618014,-2.534527
208,-35755,-653769,-2.681161
209,-96173,-749942,-3.075575
210,10793,-739149,-3.031312
211,-30748,-769897,-3.157412
212,3912,-765985,-3.141368
213,21423,-744562,-3.053511
214,-86593,-831155,-3.408636
215,-79597,-910752,-3.735070
216,-6941,-917693,-3.763536
217,71359,-846334,-3.470886
218,-6748,-853082,-3.498561
219,34093,-818989,-3.358742
220,44399,-774590,-3.176658
221,-42413,-817003,-3.350598
222,2236,-814767,-3.341428
223,15512,-799255,-3.277811
224,19746,-779509,-3.196832
225,-80248,-859757,-3.525935
226,-48286,-908043,-3.723960
227,-26425,-934468,-3.832331
228,-64283,-998751,-4.095961
229,-40995,-1039746,-4.264085
230,35244,-1004502,-4.119547
231,-33676,-1038178,-4.257655
232,-93363,-1131541,-4.640544
233,28030,-1103511,-4.525591
234,50544,-1052967,-4.318306
235,-89127,-1142094,-4.683823
236,-93575,-1235669,-5.067582
237,-40664,-1276333,-5.234348
238,-44207,-1320540,-5.415645
239,27216,-1293324,-5.304030
240,-22373,-1315697,-5.395783
241,62909,-1252788,-5.137788
242,15467,-1237321,-5.074357
243,78137,-1159184,-4.753910
244,26719,-1132465,-4.644334
245,-59285,-1191750,-4.887466
246,87859,-1103891,-4.527149
247,-83917,-1187808,-4.871300
248,93745,-1094063,-4.486844
249,26199,-1067864,-4.379399
250,-29709,-1097573,-4.501239
251,12028,-1085545,-4.451911
252,59613,-1025932,-4.207433
253,89811,-936121,-3.839110
254,-74798,-1010919,-4.145863
255,-96901,-1107820,-4.543262
256,-23568,-1131388,-4.639917
257,-43387,-1174775,-4.817850
258,-76951,-1251726,-5.133433
259,-24456,-1276182,-5.233729
260,-4858,-1281040,-5.253652
261,-70188,-1351228,-5.541499
262,89,-1351139,-5.541134
263,-40784,-1391923,-5.708392
264,-87785,-1479708,-6.068406
265,25690,-1454018,-5.963049
266,82567,-1371451,-5.624435
267,-75355,-1446806,-5.933472
268,76724,-1370082,-5.618821
269,95867,-1274215,-5.225662
270,-85094,-1359309,-5.574640
271,-45485,-1404794,-5.761178
272,37732,-1367062,-5.606435
273,-37433,-1404495,-5.759951
274,-92748,-1497243,-6.140319
275,-73124,-1570367,-6.440206
276,-71774,-1642141,-6.734557
277,-66706,-1708847,-7.008124
278,48075,-1660772,-6.810965
279,-23622,-1684394,-6.907840
280,-47939,-1732333,-7.104442
281,91813,-1640520,-6.727910
282,25764,-1614756,-6.622249
283,-17394,-1632150,-6.693583
284,-51489,-1683639,-6.904744
285,-72459,-1756098,-7.201905
286,67769,-1688329,-6.923978
287,41445,-1646884,-6.754009
288,-65863,-1712747,-7.024118
289,-20829,-1733576,-7.109540
290,96795,-1636781,-6.712576
291,-51151,-1687932,-6.922350
292,-1070,-1689002,-6.926738
293,41685,-1647317,-6.755785
294,5797,-1641520,-6.732011
295,28286,-1613234,-6.616007
296,28517,-1584717,-6.499057
297,97493,-1487224,-6.099230
298,40385,-1446839,-5.933608
299,-68508,-1515347,-6.214565
300,24462,-1490885,-6.114244
301,13435,-1477450,-6.059146
302,4369,-1473081,-6.041228
303,-97851,-1570932,-6.442523
304,97348,-1473584,-6.043291
305,50031,-1423553,-5.838110
306,-4843,-1428396,-5.857971
307,-85476,-1513872,-6.208515
308,43226,-1470646,-6.031242
309,-24688,-1495334,-6.132490
310,77932,-1417402,-5.812884
311,-76313,-1493715,-6.125850
312,-32691,-1526406,-6.259918
313,-1799,-1528205,-6.267296
314,-85544,-1613749,-6.618119
315,5926,-1607823,-6.593816
316,-98926,-1706749,-6.999520
317,47421,-1659328,-6.805043
318,90298,-1569030,-6.434723
319,-17835,-1586865,-6.507866
320,-60968,-1647833,-6.757901
321,-71096,-1718929,-7.049471
322,-39887,-1758816,-7.213051
323,-12959,-1771775,-7.266197
324,-25812,-1797587,-7.372054
325,-8198,-1805785,-7.405675
326,-42652,-1848437,-7.580594
327,37861,-1810576,-7.425323
328,-71331,-1881907,-7.717858
329,73383,-1808524,-7.416908
330,-90501,-1899025,-7.788060
331,29334,-1869691,-7.667759
332,85455,-1784236,-7.317301
333,-74875,-1859111,-7.624369
334,49889,-1809222,-7.419771
335,4089,-1805133,-7.403001
336,-28178,-1833311,-7.518562
337,10456,-1822855,-7.475681
338,77286,-1745569,-7.158724
339,-76774,-1822343,-7.473581
340,186,-1822157,-7.472818
341,48460,-1773697,-7.274080
342,-183,-1773880,-7.274830
343,-44258,-1818138,-7.456336
344,-91766,-1909904,-7.832676
345,2937,-1906967,-7.820631
346,34215,-1872752,-7.680312
347,-27309,-1900061,-7.792309
348,-46486,-1946547,-7.982952
349,-32820,-1979367,-8.117549
350,2117,-1977250,-8.108867
351,-39100,-2016350,-8.269220
352,-79202,-2095552,-8.594034
353,64658,-2030894,-8.328866
354,-86056,-2116950,-8.681789
355,56411,-2060539,-8.450443
356,-88692,-2149231,-8.814176
357,-11545,-2160776,-8.861523
358,78304,-2082472,-8.540392
359,79490,-2002982,-8.214396
360,71787,-1931195,-7.919992
361,40558,-1890637,-7.753660
362,43173,-1847464,-7.576604
363,-26035,-1873499,-7.683376
364,-20764,-1894263,-7.768531
365,-32322,-1926585,-7.901086
366,12944,-1913641,-7.848002
367,79998,-1833643,-7.519923
368,-5188,-1838831,-7.541199
369,-42217,-1881048,-7.714335
370,81445,-1799603,-7.380322
371,34463,-1765140,-7.238987
372,70277,-1694863,-6.950775
373,82567,-1612296,-6.612161
374,74764,-1537532,-6.305547
375,92465,-1445067,-5.926340
376,51155,-1393912,-5.716550
377,34024,-1359888,-5.577014
378,93843,-1266045,-5.192156
379,-86587,-1352632,-5.547257
380,79740,-1272892,-5.220236
381,58632,-1214260,-4.979782
382,95676,-1118584,-4.587406
383,88368,-1030216,-4.225002
384,21066,-1009150,-4.138608
385,-19691,-1028841,-4.219363
386,59768,-969073,-3.974249
387,12363,-956710,-3.923548
388,-23426,-980136,-4.019620
389,48887,-931249,-3.819130
390,53336,-877913,-3.600395
391,-19407,-897320,-3.679984
392,-83556,-980876,-4.022654
393,63764,-917112,-3.761153
394,-52447,-969559,-3.976242
395,92654,-876905,-3.596261
396,51828,-825077,-3.383710
397,24652,-800425,-3.282610
398,-76195,-876620,-3.595092
399,-26752,-903372,-3.704804
400,-86645,-990017,-4.060142
401,37156,-952861,-3.907763
402,66553,-886308,-3.634823
403,-11078,-897386,-3.680255
404,-70639,-968025,-3.969951
405,-3480,-971505,-3.984223
406,90427,-881078,-3.613374
407,-34291,-915369,-3.754005
408,96029,-819340,-3.360182
409,-37067,-856407,-3.512197
410,90993,-765414,-3.139027
411,13427,-751987,-3.083961
412,33873,-718114,-2.945045
413,-24952,-743066,-3.047376
414,31705,-711361,-2.917351
415,-76807,-788168,-3.232343
416,6812,-781356,-3.204406
417,-16095,-797451,-3.270413
418,13671,-783780,-3.214347
419,73042,-710738,-2.914796
420,-53410,-764148,-3.133835
421,-23298,-787446,-3.229382
422,68592,-718854,-2.948080
423,-18741,-737595,-3.024939
424,-83437,-821032,-3.367121
425,-75496,-896528,-3.676736
426,-29182,-925710,-3.796414
427,96001,-829709,-3.402706
428,-92517,-922226,-3.782126
429,51567,-870659,-3.570645
430,-97746,-968405,-3.971510
431,-72479,-1040884,-4.268752
432,25121,-1015763,-4.165729
433,13892,-1001871,-4.108757
434,-44310,-1046181,-4.290476
435,-31176,-1077357,-4.418331
436,-13938,-1091295,-4.475492
437,9734,-1081561,-4.435572
438,-27148,-1108709,-4.546908
439,-32040,-1140749,-4.678307
440,30130,-1110619,-4.554741
441,87882,-1022737,-4.194330
442,-98510,-1121247,-4.598328
443,64088,-1057159,-4.335497
444,79264,-977895,-4.010429
445,-42385,-1020280,-4.184253
446,-9184,-1029464,-4.221918
447,86770,-942694,-3.866067
448,-70387,-1013081,-4.154730
449,82861,-930220,-3.814910
450,55764,-874456,-3.586217
451,47958,-826498,-3.389537
452,-46137,-872635,-3.578749
453,-74050,-946685,-3.882434
454,-94487,-1041172,-4.269933
455,47189,-993983,-4.076407
456,98953,-895030,-3.670593
457,23459,-871571,-3.574385
458,84829,-786742,-3.226495
459,-60227,-846969,-3.473491
460,79847,-767122,-3.146031
461,-46453,-813575,-3.336539
462,71423,-742152,-3.043627
463,1012,-741140,-3.039477
464,-14560,-755700,-3.099189
465,18430,-737270,-3.023606
466,-36201,-773471,-3.172069
467,-74174,-847645,-3.476263
468,82933,-764712,-3.136148
469,-37524,-802236,-3.290037
470,63201,-739035,-3.030844
471,75179,-663856,-2.722529
472,-65966,-729822,-2.993061
473,-9999,-739821,-3.034068
474,63062,-676759,-2.775445
475,89904,-586855,-2.406741
476,18845,-568010,-2.329456
477,-18669,-586679,-2.406020
478,9256,-577423,-2.368060
479,24937,-552486,-2.265791
480,-87891,-640377,-2.626240
481,-92476,-732853,-3.005491
482,-64075,-796928,-3.268268
483,-45968,-842896,-3.456787
484,-89321,-932217,-3.823100
485,34424,-897793,-3.681924
486,-43102,-940895,-3.858689
487,-17643,-958538,-3.931044
488,-45570,-1004108,-4.117931
489,-82919,-1087027,-4.457989
490,77919,-1009108,-4.138436
491,-28542,-1037650,-4.255489
492,-77254,-1114904,-4.572314
493,-45078,-1159982,-4.757183
494,72546,-1087436,-4.459666
495,-62682,-1150118,-4.716730
496,2244,-1147874,-4.707527
497,-50736,-1198610,-4.915600
498,-5714,-1204324,-4.939033
499,-49821,-1254145,-5.143353
500,-13054,-1267199,-5.196889
501,30642,-1236557,-5.071224
502,32019,-1204538,-4.939911
503,-18656,-1223194,-5.016421
504,7646,-1215548,-4.985064
505,-12496,-1228044,-5.036311
506,17364,-1210680,-4.965100
507,-98337,-1309017,-5.368388
508,-2278,-1311295,-5.377730
509,-63559,-1374854,-5.638391
510,59045,-1315809,-5.396243
511,-89485,-1405294,-5.763228
512,54951,-1350343,-5.537869
513,91002,-1259341,-5.164663
514,38096,-1221245,-5.008428
515,-32751,-1253996,-5.142742
516,-29881,-1283877,-5.265287
517,-17500,-1301377,-5.337056
518,56758,-1244619,-5.104286
519,64947,-1179672,-4.837933
520,31970,-1147702,-4.706822
521,5616,-1142086,-4.683790
522,65470,-1076616,-4.415292
523,41953,-1034663,-4.243239
524,57593,-977070,-4.007046
525,-29458,-1006528,-4.127855
526,44458,-962070,-3.945529
527,-4134,-966204,-3.962483
528,37668,-928536,-3.808004
529,25193,-903343,-3.704685
530,-17500,-920843,-3.776454
531,13838,-907005,-3.719703
532,-13189,-920194,-3.773792
533,64137,-856057,-3.510761
534,44326,-811731,-3.328977
535,-28738,-840469,-3.446834
536,-78087,-918556,-3.767075
537,-6227,-924783,-3.792612
538,-10687,-935470,-3.836441
539,-4057,-939527,-3.853079
540,-54837,-994364,-4.077970
541,11765,-982599,-4.029721
542,10336,-972263,-3.987332
543,87248,-885015,-3.629520
544,-52358,-937373,-3.844245
545,-24604,-961977,-3.945148
546,95946,-866031,-3.551665
547,-66711,-932742,-3.825253
548,-93360,-1026102,-4.208130
549,-75539,-1101641,-4.517922
550,-88898,-1190539,-4.882500
551,93169,-1097370,-4.500406
552,54373,-1042997,-4.277418
553,-50248,-1093245,-4.483489
554,89027,-1004218,-4.118382
555,-87774,-1091992,-4.478350
556,76985,-1015007,-4.162628
557,98265,-916742,-3.759635
558,-32059,-948801,-3.891112
559,-69951,-1018752,-4.177987
560,33882,-984870,-4.039034
561,-43042,-1027912,-4.215553
562,6214,-1021698,-4.190069
563,58797,-962901,-3.948937
564,-51916,-1014817,-4.161849
565,4247,-1010570,-4.144432
566,-83530,-1094100,-4.486995
567,46077,-1048023,-4.298030
568,96257,-951766,-3.903272
569,-6677,-958443,-3.930655
570,59540,-898903,-3.686476
571,-59581,-958484,-3.930823
572,-38149,-996633,-4.087275
573,-75366,-1071999,-4.396357
574,55224,-1016775,-4.169879
575,-42431,-1059206,-4.343892
576,-64547,-1123753,-4.608605
577,96578,-1027175,-4.212530
578,-58047,-1085222,-4.450586
579,-99803,-1185025,-4.859886
580,-75851,-1260876,-5.170958
581,73919,-1186957,-4.867810
582,-38935,-1225892,-5.027485
583,11556,-1214336,-4.980093
584,-16498,-1230834,-5.047753
585,29480,-1201354,-4.926853
586,-22329,-1223683,-5.018426
587,91437,-1132246,-4.643435
588,-56613,-1188859,-4.875610
589,-19260,-1208119,-4.954597
590,-80473,-1288592,-5.284623
591,32499,-1256093,-5.151342
592,-79665,-1335758,-5.478055
593,52729,-1283029,-5.261809
594,34408,-1248621,-5.120699
595,-27028,-1275649,-5.231543
596,17575,-1258074,-5.159467
597,-9319,-1267393,-5.197685
598,40373,-1227020,-5.032111
599,24077,-1202943,-4.933370
600,-97303,-1300246,-5.332417
601,38124,-1262122,-5.176068
602,58700,-1203422,-4.935334
603,6751,-1196671,-4.907648
604,98015,-1098656,-4.505680
605,-37246,-1135902,-4.658429
606,-72194,-1208096,-4.954503
607,-55340,-1263436,-5.181457
608,-75879,-1339315,-5.492643
609,-59536,-1398851,-5.736805
610,-9575,-1408426,-5.776073
611,13633,-1394793,-5.720163
612,20064,-1374729,-5.637878
613,43988,-1330741,-5.457480
614,45552,-1285189,-5.270667
615,-59012,-1344201,-5.512681
616,-65293,-1409494,-5.780453
617,-60766,-1470260,-6.029659
618,17431,-1452829,-5.958173
619,-4061,-1456890,-5.974828
620,25302,-1431588,-5.871062
621,-76538,-1508126,-6.184951
622,80502,-1427624,-5.854805
623,41762,-1385862,-5.683536
624,5278,-1380584,-5.661890
625,20628,-1359956,-5.577293
626,20040,-1339916,-5.495107
627,76644,-1263272,-5.180784
628,-62900,-1326172,-5.438742
629,-87134,-1413306,-5.796086
630,-6802,-1420108,-5.823981
631,57678,-1362430,-5.587439
632,-93949,-1456379,-5.972732
633,29357,-1427022,-5.852336
634,-84048,-1511070,-6.197024
635,20327,-1490743,-6.113662
636,-60269,-1551012,-6.360830
637,46631,-1504381,-6.169592
638,87827,-1416554,-5.809406
639,-62818,-1479372,-6.067028
640,-41746,-1521118,-6.238232
641,4441,-1516677,-6.220019
642,47738,-1468939,-6.024242
643,63401,-1405538,-5.764229
644,2358,-1403180,-5.754558
645,-48013,-1451193,-5.951464
646,23531,-1427662,-5.854961
647,-28322,-1455984,-5.971112
648,-82771,-1538755,-6.310563
649,26733,-1512022,-6.200928
650,79999,-1432023,-5.872846
651,1954,-1430069,-5.864832
652,26276,-1403793,-5.757072
653,41085,-1362708,-5.588579
654,39304,-1323404,-5.427390
655,-3665,-1327069,-5.442421
656,30634,-1296435,-5.316788
657,83643,-1212792,-4.973761
658,71653,-1141139,-4.679906
659,41054,-1100085,-4.511540
660,-55044,-1155129,-4.737280
661,-60561,-1215690,-4.985646
662,8787,-1206903,-4.949610
663,75279,-1131624,-4.640885
664,70300,-1061324,-4.352578
665,-78443,-1139767,-4.674280
666,40504,-1099263,-4.508169
667,34647,-1064616,-4.366079
668,7910,-1056706,-4.333640
669,-80085,-1136791,-4.662075
670,714,-1136077,-4.659147
671,98802,-1037275,-4.253951
672,87451,-949824,-3.895308
673,-95090,-1044914,-4.285280
674,87069,-957845,-3.928202
675,-28610,-986455,-4.045534
676,8463,-977992,-4.010827
677,-99110,-1077102,-4.417285
678,55940,-1021162,-4.187871
679,-94490,-1115652,-4.575382
680,-15377,-1131029,-4.638444
681,24869,-1106160,-4.536455
682,-47259,-1153419,-4.730268
683,27488,-1125931,-4.617537
684,50760,-1075171,-4.409366
685,-26805,-1101976,-4.519296
686,81870,-1020106,-4.183540
687,5410,-1014696,-4.161353
688,21814,-992882,-4.071892
689,25478,-967404,-3.967405
690,-352,-967756,-3.968848
691,74610,-893146,-3.662866
692,80405,-812741,-3.333119
693,92104,-720637,-2.955393
694,-66213,-786850,-3.226938
695,8730,-778120,-3.191135
696,-4297,-782417,-3.208757
697,-22524,-804941,-3.301130
698,34285,-770656,-3.160525
699,-15006,-785662,-3.222065
700,93420,-692242,-2.838942
701,-50214,-742456,-3.044874
702,39381,-703075,-2.883369
703,76102,-626973,-2.571269
704,-47517,-674490,-2.766140
705,16104,-658386,-2.700096
706,-71163,-729549,-2.991941
707,-20686,-750235,-3.076776
708,-16008,-766243,-3.142427
709,40545,-725698,-2.976148
710,98716,-626982,-2.571306
711,-58046,-685028,-2.809357
712,-46340,-731368,-2.999401
713,87930,-643438,-2.638793
714,95093,-548345,-2.248809
715,5893,-542452,-2.224641
716,-29318,-571770,-2.344877
717,74590,-497180,-2.038977
718,-39405,-536585,-2.200580
719,-60412,-596997,-2.448335
720,27290,-569707,-2.336416
721,12771,-556936,-2.284041
722,-89169,-646105,-2.649731
723,754,-645351,-2.646638
724,-90967,-736318,-3.019702
725,44642,-691676,-2.836621
726,50702,-640974,-2.628688
727,-8236,-649210,-2.662464
728,94661,-554549,-2.274252
729,76493,-478056,-1.960548
730,13790,-464266,-1.903994
731,64970,-399296,-1.637546
732,18462,-380834,-1.561832
733,82688,-298146,-1.222722
734,79725,-218421,-0.895763
735,-27794,-246215,-1.009748
736,325,-245890,-1.008415
737,43900,-201990,-0.828378
738,-22508,-224498,-0.920685
739,12336,-212162,-0.870094
740,-91333,-303495,-1.244658
741,-50701,-354196,-1.452587
742,85424,-268772,-1.102256
743,-99259,-368031,-1.509326
744,-38739,-406770,-1.668198
745,82848,-323922,-1.328431
746,-91090,-415012,-1.701999
747,-57615,-472627,-1.938283
748,15346,-457281,-1.875348
749,-54366,-511647,-2.098307
750,40118,-471529,-1.933780
751,4147,-467382,-1.916773
752,46295,-421087,-1.726913
753,-12362,-433449,-1.777611
754,-91730,-525179,-2.153803
755,-64360,-589539,-2.417749
756,32528,-557011,-2.284349
757,75586,-481425,-1.974364
758,-34213,-515638,-2.114674
759,-37831,-553469,-2.269823
760,-6570,-560039,-2.296767
761,64975,-495064,-2.030299
762,85937,-409127,-1.677864
763,-18679,-427806,-1.754468
764,-58605,-486411,-1.994812
765,84442,-401969,-1.648508
766,-41409,-443378,-1.818330
767,62652,-380726,-1.561389
768,21917,-358809,-1.471506
769,95748,-263061,-1.078835
770,-99841,-362902,-1.488291
771,38774,-324128,-1.329276
772,87733,-236395,-0.969476
773,-68021,-304416,-1.248435
774,53489,-250927,-1.029073
775,11738,-239189,-0.980934
776,-86684,-325873,-1.336432
777,43297,-282576,-1.158868
778,75069,-207507,-0.851004
779,-25800,-233307,-0.956811
780,-92192,-325499,-1.334899
781,-5975,-331474,-1.359403
782,-3055,-334529,-1.371931
783,58538,-275991,-1.131862
784,50233,-225758,-0.925852
785,-84654,-310412,-1.273026
786,27037,-283375,-1.162145
787,-27850,-311225,-1.276360
788,75228,-235997,-0.967843
789,64703,-171294,-0.702491
790,-96914,-268208,-1.099943
791,13614,-254594,-1.044111
792,8696,-245898,-1.008448
793,-25565,-271463,-1.113292
794,-62858,-334321,-1.371078
795,-87241,-421562,-1.728861
796,26184,-395378,-1.621478
797,84494,-310884,-1.274961
798,-35182,-346066,-1.419246
799,-81115,-427181,-1.751905
800,-64558,-491739,-2.016663
801,41812,-449927,-1.845188
802,17091,-432836,-1.775097
803,49169,-383667,-1.573450
804,71803,-311864,-1.278980
805,76051,-235813,-0.967089
806,-40114,-275927,-1.131600
807,58153,-217774,-0.893109
808,-55562,-273336,-1.120974
809,-22298,-295634,-1.212420
810,-22105,-317739,-1.303074
811,85395,-232344,-0.952862
812,-76563,-308907,-1.266853
813,58964,-249943,-1.025037
814,-50848,-300791,-1.233569
815,-31440,-332231,-1.362507
816,-23003,-355234,-1.456844
817,-22736,-377970,-1.550087
818,-19497,-397467,-1.630045
819,-82488,-479955,-1.968336
820,5769,-474186,-1.944676
821,-9650,-483836,-1.984252
822,-96210,-580046,-2.378817
823,-19325,-599371,-2.458071
824,-19852,-619223,-2.539485
825,-74171,-693394,-2.843667
826,61856,-631538,-2.589990
827,-56131,-687669,-2.820188
828,88979,-598690,-2.455278
829,-80629,-679319,-2.785944
830,72991,-606328,-2.486602
831,458,-605870,-2.484723
832,8709,-597161,-2.449007
833,21219,-575942,-2.361986
834,-95341,-671283,-2.752988
835,-9903,-681186,-2.793601
836,-18735,-699921,-2.870434
837,52359,-647562,-2.655706
838,64695,-582867,-2.390386
839,-95902,-678769,-2.783688
840,-28206,-706975,-2.899364
841,54697,-652278,-2.675047
842,-6652,-658930,-2.702327
843,51363,-607567,-2.491683
844,75654,-531913,-2.181420
845,54854,-477059,-1.956459
846,25599,-451460,-1.851475
847,-6644,-458104,-1.878723
848,-62101,-520205,-2.133404
849,-67488,-587693,-2.410178
850,79572,-508121,-2.083847
851,-97925,-606046,-2.485445
852,1757,-604289,-2.478240
853,-79923,-684212,-2.806011
854,-31159,-715371,-2.933796
855,-27461,-742832,-3.046416
856,-66447,-809279,-3.318921
857,-74070,-883349,-3.622688
858,34045,-849304,-3.483067
859,-33368,-882672,-3.619912
860,-58267,-940939,-3.858869
861,-49482,-990421,-4.061799
862,-35201,-1025622,-4.206161
863,51046,-974576,-3.996818
864,89640,-884936,-3.629196
865,20814,-864122,-3.543836
866,26464,-837658,-3.435305
867,-12562,-850220,-3.486823
868,99854,-750366,-3.077314
869,77301,-673065,-2.760296
870,52291,-620774,-2.545846
871,49402,-571372,-2.343244
872,-34570,-605942,-2.485019
873,74865,-531077,-2.177991
874,-78344,-609421,-2.499286
875,53202,-556219,-2.281101
876,23368,-532851,-2.185266
877,-81975,-614826,-2.521453
878,-91102,-705928,-2.895070
879,31680,-674248,-2.765147
880,-92877,-767125,-3.146044
881,31398,-735727,-3.017278
882,-54499,-790226,-3.240783
883,37821,-752405,-3.085676
884,-89884,-842289,-3.454298
885,36815,-805474,-3.303316
886,-59282,-864756,-3.546437
887,-63768,-928524,-3.807954
888,87833,-840691,-3.447744
889,83682,-757009,-3.104557
890,-153,-757162,-3.105185
891,99975,-657187,-2.695179
892,88990,-568197,-2.330223
893,-80841,-649038,-2.661759
894,97707,-551331,-2.261054
895,76036,-475295,-1.949224
896,-4104,-479399,-1.966055
897,43384,-436015,-1.788134
898,81854,-354161,-1.452444
899,-82138,-436299,-1.789299
900,-84616,-520915,-2.136316
901,-77782,-598697,-2.455306
902,-87767,-686464,-2.815246
903,31900,-654564,-2.684422
904,-11615,-666179,-2.732056
905,-82879,-749058,-3.071949
906,-2130,-751188,-3.080685
907,62176,-689012,-2.825696
908,-30428,-719440,-2.950484
909,64255,-655185,-2.686968
910,6263,-648922,-2.661283
911,-4821,-653743,-2.681055
912,-29624,-683367,-2.802545
913,95981,-587386,-2.408919
914,-45531,-632917,-2.595645
915,-55754,-688671,-2.824297
916,67771,-620900,-2.546363
917,-3343,-624243,-2.560073
918,-32845,-657088,-2.694773
919,-75786,-732874,-3.005577
920,-46833,-779707,-3.197644
921,-48571,-828278,-3.396837
922,-62789,-891067,-3.654340
923,-54909,-945976,-3.879527
924,37077,-908899,-3.727471
925,-82874,-991773,-4.067344
926,-98554,-1090327,-4.471522
927,-58300,-1148627,-4.710615
928,-82640,-1231267,-5.049529
929,-20593,-1251860,-5.133982
930,-91921,-1343781,-5.510958
931,91815,-1251966,-5.134417
932,-10586,-1262552,-5.177831
933,63464,-1199088,-4.917560
934,-69959,-1269047,-5.204468
935,-1761,-1270808,-5.211690
936,-48644,-1319452,-5.411183
937,17305,-1302147,-5.340214
938,-20857,-1323004,-5.425750
939,44141,-1278863,-5.244724
940,-80985,-1359848,-5.576850
941,57747,-1302101,-5.340025
942,86499,-1215602,-4.985285
943,86739,-1128863,-4.629561
944,50210,-1078653,-4.423646
945,-37737,-1116390,-4.578409
946,-80269,-1196659,-4.907598
947,-56703,-1253362,-5.140142
948,-88877,-1342239,-5.504634
949,18241,-1323998,-5.429826
950,47788,-1276210,-5.233844
951,62798,-1213412,-4.976304
952,-32,-1213444,-4.976435
953,-15387,-1228831,-5.039539
954,-51830,-1280661,-5.252098
955,-15570,-1296231,-5.315952
956,21653,-1274578,-5.227151
957,-43921,-1318499,-5.407275
958,-26316,-1344815,-5.515199
959,-98262,-1443077,-5.918179
960,85121,-1357956,-5.569091
961,-71872,-1429828,-5.863844
962,-41492,-1471320,-6.034006
963,71603,-1399717,-5.740356
964,91602,-1308115,-5.364689
965,-93878,-1401993,-5.749690
966,17791,-1384202,-5.676728
967,90586,-1293616,-5.305227
968,39535,-1254081,-5.143091
969,87121,-1166960,-4.785800
970,6163,-1160797,-4.760525
971,57128,-1103669,-4.526239
972,-80939,-1184608,-4.858176
973,-10940,-1195548,-4.903042
974,-41583,-1237131,-5.073578
975,50306,-1186825,-4.867268
976,23264,-1163561,-4.771861
977,26177,-1137384,-4.664507
978,-76464,-1213848,-4.978092
979,41249,-1172599,-4.808926
980,98255,-1074344,-4.405974
981,91469,-982875,-4.030852
982,-52735,-1035610,-4.247123
983,28920,-1006690,-4.128520
984,79133,-927557,-3.803989
985,-69707,-997264,-4.089863
986,33218,-964046,-3.953633
987,-32062,-996108,-4.085122
988,-32301,-1028409,-4.217591
989,22356,-1006053,-4.125907
990,-27906,-1033959,-4.240352
991,-98060,-1132019,-4.642504
992,-64052,-1196071,-4.905187
993,-18190,-1214261,-4.979786
994,87388,-1126873,-4.621400
995,-85235,-1212108,-4.970956
996,-70610,-1282718,-5.260534
997,18068,-1264650,-5.186435
998,-3817,-1268467,-5.202089
999,-55947,-1324414,-5.431532
1000,56824,-1267590,-5.198492
1001,23274,-1244316,-5.103044
1002,-97584,-1341900,-5.503244
1003,69526,-1272374,-5.218112
1004,-42258,-1314632,-5.391416
1005,-17929,-1332561,-5.464944
1006,91570,-1240991,-5.089408
1007,8713,-1232278,-5.053675
1008,78533,-1153745,-4.731605
1009,-60309,-1214054,-4.978937
1010,59443,-1154611,-4.735156
1011,45390,-1109221,-4.549008
1012,-39854,-1149075,-4.712453
1013,-30500,-1179575,-4.837536
1014,-80613,-1260188,-5.168136
1015,-39929,-1300117,-5.331888
1016,89632,-1210485,-4.964300
1017,75501,-1134984,-4.654664
1018,-91191,-1226175,-5.028646
1019,-88055,-1314230,-5.389767
1020,30117,-1284113,-5.266255
1021,31913,-1252200,-5.135377
1022,18714,-1233486,-5.058629
1023,14502,-1218984,-4.999155
1024,-14896,-1233880,-5.060245
1025,-49914,-1283794,-5.264946
1026,51764,-1232030,-5.052658
1027,-93515,-1325545,-5.436171
1028,-73945,-1399490,-5.739425
1029,69958,-1329532,-5.452522
1030,32071,-1297461,-5.320996
1031,52147,-1245314,-5.107137
1032,16447,-1228867,-5.039686
1033,27778,-1201089,-4.925766
1034,41521,-1159568,-4.755485
1035,60,-1159508,-4.755239
1036,-24940,-1184448,-4.857520
1037,91186,-1093262,-4.483559
1038,57476,-1035786,-4.247845
1039,-17699,-1053485,-4.320430
1040,79818,-973667,-3.993090
1041,-53735,-1027402,-4.213461
1042,99061,-928341,-3.807204
1043,60370,-867971,-3.559622
1044,53349,-814622,-3.340833
1045,4222,-810400,-3.323518
1046,-22306,-832706,-3.414997
1047,-56526,-889232,-3.646815
1048,76553,-812679,-3.332864
1049,-61154,-873833,-3.583662
1050,-97689,-971522,-3.984293
1051,-74006,-1045528,-4.287798
1052,48692,-996836,-4.088108
1053,63901,-932935,-3.826044
1054,-1033,-933968,-3.830281
1055,-63437,-997405,-4.090441
1056,79052,-918353,-3.766242
1057,-96219,-1014572,-4.160844
1058,-27250,-1041822,-4.272599
1059,84105,-957717,-3.927677
1060,-23774,-981491,-4.025177
1061,72337,-909154,-3.728516
1062,28244,-880910,-3.612685
1063,78403,-802507,-3.291148
1064,-52678,-855185,-3.507185
1065,22659,-832526,-3.414259
1066,97128,-735398,-3.015929
1067,-45608,-781006,-3.202971
1068,-99307,-880313,-3.610237
1069,-20632,-900945,-3.694851
1070,20657,-880288,-3.610135
1071,-44277,-924565,-3.791718
1072,-34427,-958992,-3.932906
1073,13396,-945596,-3.877968
1074,996,-944600,-3.873883
1075,-24890,-969490,-3.975959
1076,-66966,-1036456,-4.250593
1077,14896,-1021560,-4.189503
1078,13934,-1007626,-4.132358
1079,-60428,-1068054,-4.380179
1080,11384,-1056670,-4.333492
1081,-50642,-1107312,-4.541179
1082,-12833,-1120145,-4.593808
1083,-63746,-1183891,-4.855236
1084,-46031,-1229922,-5.044013
1085,48016,-1181906,-4.847095
1086,-10975,-1192881,-4.892105
1087,-81574,-1274455,-5.226646
1088,-39757,-1314212,-5.389693
1089,59581,-1254631,-5.145347
1090,-81417,-1336048,-5.479244
1091,13799,-1322249,-5.422654
1092,-22299,-1344548,-5.514104
1093,48359,-1296189,-5.315779
1094,29102,-1267087,-5.196430
1095,-10221,-1277308,-5.238347
1096,95317,-1181991,-4.847444
1097,30580,-1151411,-4.722033
1098,42214,-1109197,-4.548910
1099,-34785,-1143982,-4.691566
1100,44687,-1099295,-4.508301
1101,-25540,-1124835,-4.613042
1102,-66765,-1191600,-4.886851
1103,-54996,-1246596,-5.112394
1104,-93572,-1340168,-5.496141
1105,566,-1339602,-5.493820
1106,49308,-1290294,-5.291603
1107,-85234,-1375528,-5.641155
1108,24708,-1350820,-5.539826
1109,-83236,-1434056,-5.881183
1110,15567,-1418489,-5.817342
1111,-3711,-1422200,-5.832561
1112,24664,-1397536,-5.731412
1113,29046,-1368490,-5.612292
1114,-59285,-1427775,-5.855425
1115,-76807,-1504582,-6.170416
1116,52488,-1452094,-5.955159
1117,24563,-1427531,-5.854424
1118,-71271,-1498802,-6.146712
1119,-50042,-1548844,-6.351939
1120,-35516,-1584360,-6.497593
1121,95864,-1488496,-6.104446
1122,-19764,-1508260,-6.185500
1123,6904,-1501356,-6.157186
1124,-49590,-1550946,-6.360559
1125,-16958,-1567904,-6.430105
1126,-18839,-1586743,-6.507366
1127,-57106,-1643849,-6.741562
1128,89264,-1554585,-6.375483
1129,-10828,-1565413,-6.419889
1130,65170,-1500243,-6.152622
1131,-27533,-1527776,-6.265537
1132,33064,-1494712,-6.129939
1133,-18838,-1513550,-6.207195
1134,27473,-1486077,-6.094526
1135,98280,-1387797,-5.691471
1136,-48623,-1436420,-5.890878
1137,7437,-1428983,-5.860379
1138,96260,-1332723,-5.465608
1139,-57885,-1390608,-5.703000
1140,-11648,-1402256,-5.750769
1141,-40671,-1442927,-5.917564
1142,15645,-1427282,-5.853403
1143,33214,-1394068,-5.717189
1144,85008,-1309060,-5.368564
1145,-88770,-1397830,-5.732618
1146,23066,-1374764,-5.638022
1147,-91433,-1466197,-6.012996
1148,-18044,-1484241,-6.086996
1149,-24707,-1508948,-6.188322
1150,-74367,-1583315,-6.493307
1151,-26927,-1610242,-6.603737
1152,72747,-1537495,-6.305395
1153,-44407,-1581902,-6.487512
1154,-67412,-1649314,-6.763974
1155,-43835,-1693149,-6.943745
1156,-91591,-1784740,-7.319368
1157,33581,-1751159,-7.181649
1158,-82164,-1833323,-7.518611
1159,17585,-1815738,-7.446493
1160,95562,-1720176,-7.054585
1161,46405,-1673771,-6.864275
1162,21633,-1652138,-6.775556
1163,43979,-1608159,-6.595194
1164,90297,-1517862,-6.224879
1165,-19287,-1537149,-6.303976
1166,38573,-1498576,-6.145785
1167,-23419,-1521995,-6.241829
1168,2339,-1519656,-6.232236
1169,-99363,-1619019,-6.639732
1170,50826,-1568193,-6.431290
1171,1126,-1567067,-6.426673
1172,62908,-1504159,-6.168682
1173,82013,-1422146,-5.832340
1174,-31987,-1454133,-5.963521
1175,18436,-1435697,-5.887913
1176,43631,-1392066,-5.708979
1177,-2407,-1394473,-5.718850
1178,-32531,-1427004,-5.852263
1179,-82248,-1509252,-6.189568
1180,-47753,-1557005,-6.385408
1181,-62900,-1619905,-6.643366
1182,70556,-1549349,-6.354010
1183,-61039,-1610388,-6.604336
1184,-39194,-1649582,-6.765074
1185,-32537,-1682119,-6.898510
1186,27873,-1654246,-6.784201
1187,-47081,-1701327,-6.977284
1188,33379,-1667948,-6.840394
1189,-87822,-1755770,-7.200559
1190,33439,-1722331,-7.063423
1191,17653,-1704678,-6.991027
1192,28782,-1675896,-6.872989
1193,-77077,-1752973,-7.189089
1194,-84632,-1837605,-7.536172
1195,6905,-1830700,-7.507854
1196,-89698,-1920398,-7.875713
1197,79315,-1841083,-7.550435
1198,88776,-1752307,-7.186357
1199,-12211,-1764518,-7.236436
1200,-26657,-1791175,-7.345758
1201,-28452,-1819627,-7.462442
1202,65604,-1754023,-7.193395
1203,83051,-1670972,-6.852796
1204,19708,-1651264,-6.771972
1205,-89596,-1740860,-7.139412
1206,29385,-1711475,-7.018902
1207,57442,-1654033,-6.783327
1208,-86311,-1740344,-7.137296
1209,39021,-1701323,-6.977268
1210,13376,-1687947,-6.922412
1211,-16337,-1704284,-6.989411
1212,12025,-1692259,-6.940095
1213,-72346,-1764605,-7.236792
1214,-94372,-1858977,-7.623820
1215,49714,-1809263,-7.419939
1216,-4322,-1813585,-7.437664
1217,-52907,-1866492,-7.654640
1218,-3879,-1870371,-7.670548
1219,-72711,-1943082,-7.968742
1220,-29654,-1972736,-8.090355
1221,81897,-1890839,-7.754489
1222,18065,-1872774,-7.680403
1223,-46852,-1919626,-7.872547
1224,-28802,-1948428,-7.990666
1225,87727,-1860701,-7.630890
1226,24133,-1836568,-7.531919
1227,-47064,-1883632,-7.724932
1228,18156,-1865476,-7.650473
1229,-40946,-1906422,-7.818396
1230,70069,-1836353,-7.531037
1231,-62776,-1899129,-7.788487
1232,83335,-1815794,-7.446723
1233,-87030,-1902824,-7.803640
1234,-15559,-1918383,-7.867449
1235,49636,-1868747,-7.663887
1236,-83700,-1952447,-8.007148
1237,-26928,-1979375,-8.117582
1238,40713,-1938662,-7.950615
1239,-97755,-2036417,-8.351516
1240,71986,-1964431,-8.056296
1241,39531,-1924900,-7.894176
1242,-48030,-1972930,-8.091151
1243,-55366,-2028296,-8.318211
1244,-76552,-2104848,-8.632157
1245,-35118,-2139966,-8.776179
1246,-42332,-2182298,-8.949786
1247,-54940,-2237238,-9.175100
1248,1805,-2235433,-9.167697
1249,-40697,-2276130,-9.334599
1250,21776,-2254354,-9.245294
1251,-38535,-2292889,-9.403329
1252,34687,-2258202,-9.261075
1253,-1204,-2259406,-9.266013
1254,24734,-2234672,-9.164576
1255,38331,-2196341,-9.007378
1256,67980,-2128361,-8.728586
1257,85720,-2042641,-8.377041
1258,69092,-1973549,-8.093689
1259,25214,-1948335,-7.990285
1260,-30823,-1979158,-8.116692
1261,41960,-1937198,-7.944611
1262,60350,-1876848,-7.697110
1263,-90185,-1967033,-8.066967
1264,94024,-1873009,-7.681366
1265,-33199,-1906208,-7.817518
1266,-2133,-1908341,-7.826266
1267,-9211,-1917552,-7.864041
1268,-44730,-1962282,-8.047482
1269,-66854,-2029136,-8.321656
1270,-84183,-2113319,-8.666898
1271,61869,-2051450,-8.413168
1272,-18506,-2069956,-8.489062
1273,-74784,-2144740,-8.795758
1274,-24242,-2168982,-8.895176
1275,-48123,-2217105,-9.092533
1276,-32132,-2249237,-9.224309
1277,28925,-2220312,-9.105685
1278,24081,-2196231,-9.006927
1279,95439,-2100792,-8.615523
1280,-8653,-2109445,-8.651010
1281,-43044,-2152489,-8.827537
1282,50631,-2101858,-8.619895
1283,-4123,-2105981,-8.636804
1284,39365,-2066616,-8.475365
1285,-6530,-2073146,-8.502145
1286,84561,-1988585,-8.155353
1287,-79770,-2068355,-8.482497
1288,75604,-1992751,-8.172438
1289,31110,-1961641,-8.044854
1290,-12652,-1974293,-8.096740
1291,-77734,-2052027,-8.415534
1292,-82859,-2134886,-8.755346
1293,-83896,-2218782,-9.099410
1294,-13701,-2232483,-9.155599
1295,805,-2231678,-9.152298
1296,24887,-2206791,-9.050234
1297,70526,-2136265,-8.761001
1298,-7732,-2143997,-8.792711
1299,13818,-2130179,-8.736042
1300,90039,-2040140,-8.366785
1301,95718,-1944422,-7.974237
1302,-57692,-2002114,-8.210837
1303,-40510,-2042624,-8.376972
1304,38070,-2004554,-8.220843
1305,27641,-1976913,-8.107485
1306,-94818,-2071731,-8.496342
1307,-16008,-2087739,-8.561992
1308,-83194,-2170933,-8.903178
1309,-18117,-2189050,-8.977477
1310,-43260,-2232310,-9.154890
1311,45806,-2186504,-8.967035
1312,7031,-2179473,-8.938201
1313,-86350,-2265823,-9.292329
1314,-64856,-2330679,-9.558309
1315,45631,-2285048,-9.371173
1316,-97938,-2382986,-9.772825
1317,32571,-2350415,-9.639248
1318,-43076,-2393491,-9.815906
1319,36425,-2357066,-9.666524
1320,49249,-2307817,-9.464550
1321,17332,-2290485,-9.393470
1322,-3837,-2294322,-9.409206
1323,-1985,-2296307,-9.417347
1324,78572,-2217735,-9.095116
1325,39193,-2178542,-8.934383
1326,-73631,-2252173,-9.236350
1327,12500,-2239673,-9.185086
1328,86096,-2153577,-8.831999
1329,43807,-2109770,-8.652343
1330,69195,-2040575,-8.368568
1331,26904,-2013671,-8.258233
1332,65754,-1947917,-7.988570
1333,83674,-1864243,-7.645416
1334,-22441,-1886684,-7.737449
1335,77330,-1809354,-7.420312
1336,87547,-1721807,-7.061274
1337,-22381,-1744188,-7.153061
1338,-83700,-1827888,-7.496321
1339,50846,-1777042,-7.287798
1340,81054,-1695988,-6.955388
1341,35532,-1660456,-6.809669
1342,-36137,-1696593,-6.957870
1343,-22364,-1718957,-7.049586
1344,-13383,-1732340,-7.104471
1345,88403,-1643937,-6.741923
1346,78677,-1565260,-6.419262
1347,21688,-1543572,-6.330318
1348,-3198,-1546770,-6.343433
1349,87369,-1459401,-5.985125
1350,76351,-1383050,-5.672004
1351,90891,-1292159,-5.299252
1352,44989,-1247170,-5.114748
1353,-74451,-1321621,-5.420078
1354,3218,-1318403,-5.406881
1355,29407,-1288996,-5.286280
1356,77567,-1211429,-4.968171
1357,-62841,-1274270,-5.225888
1358,-80585,-1354855,-5.556373
1359,-22204,-1377059,-5.647434
1360,20974,-1356085,-5.561418
1361,17107,-1338978,-5.491261
1362,99598,-1239380,-5.082801
1363,6193,-1233187,-5.057403
1364,-87007,-1320194,-5.414226
1365,-84756,-1404950,-5.761817
1366,3370,-1401580,-5.747997
1367,26347,-1375233,-5.639945
1368,46394,-1328839,-5.449680
1369,78279,-1250560,-5.128651
1370,41142,-1209418,-4.959924
1371,47627,-1161791,-4.764602
1372,-41838,-1203629,-4.936183
1373,-53872,-1257501,-5.157117
1374,53471,-1204030,-4.937828
1375,-78411,-1282441,-5.259398
1376,-6157,-1288598,-5.284648
1377,12903,-1275695,-5.231732
1378,-21376,-1297071,-5.319396
1379,-50499,-1347570,-5.526497
1380,6942,-1340628,-5.498027
1381,-80596,-1421224,-5.828558
1382,92892,-1328332,-5.447600
1383,-41670,-1370002,-5.618493
1384,12194,-1357808,-5.568484
1385,-39165,-1396973,-5.729103
1386,-41908,-1438881,-5.900971
1387,-30733,-1469614,-6.027010
1388,-94905,-1564519,-6.416223
1389,12033,-1552486,-6.366875
1390,-47130,-1599616,-6.560159
1391,697,-1598919,-6.557300
1392,-92475,-1691394,-6.936548
1393,-27387,-1718781,-7.048864
1394,74703,-1644078,-6.742501
1395,93397,-1550681,-6.359472
1396,-70607,-1621288,-6.649037
1397,-16417,-1637705,-6.716365
1398,54034,-1583671,-6.494767
1399,35147,-1548524,-6.350626
1400,-40706,-1589230,-6.517565
1401,-53545,-1642775,-6.737157
1402,-60077,-1702852,-6.983538
1403,-55742,-1758594,-7.212141
1404,-4075,-1762669,-7.228853
1405,55259,-1707410,-7.002231
1406,-87766,-1795176,-7.362167
1407,-22957,-1818133,-7.456315
1408,31970,-1786163,-7.325204
1409,27393,-1758770,-7.212863
1410,-21529,-1780299,-7.301155
1411,-60576,-1840875,-7.549582
1412,-30240,-1871115,-7.673599
1413,-60190,-1931305,-7.920443
1414,-60736,-1992041,-8.169526
1415,-80667,-2072708,-8.500349
1416,-20140,-2092848,-8.582944
1417,-14126,-2106974,-8.640876
1418,-41890,-2148864,-8.812671
1419,95871,-2052993,-8.419496
1420,82125,-1970868,-8.082694
1421,17736,-1953132,-8.009957
1422,51302,-1901830,-7.799564
1423,-80156,-1981986,-8.128290
1424,36282,-1945704,-7.979495
1425,21548,-1924156,-7.891124
1426,18700,-1905456,-7.814434
1427,-23393,-1928849,-7.910371
1428,-58548,-1987397,-8.150481
1429,-69314,-2056711,-8.434744
1430,95957,-1960754,-8.041216
1431,25972,-1934782,-7.934703
1432,42583,-1892199,-7.760066
1433,77748,-1814451,-7.441215
1434,75092,-1739359,-7.133257
1435,-40959,-1780318,-7.301233
1436,81147,-1699171,-6.968442
1437,-56575,-1755746,-7.200461
1438,-99104,-1854850,-7.606895
1439,77399,-1777451,-7.289475
1440,88674,-1688777,-6.925816
1441,-84833,-1773610,-7.273723
1442,92053,-1681557,-6.896206
1443,27681,-1653876,-6.782684
1444,32945,-1620931,-6.647573
1445,91104,-1529827,-6.273948
1446,5191,-1524636,-6.252660
1447,-98608,-1623244,-6.657059
1448,-94007,-1717251,-7.042590
1449,-8261,-1725512,-7.076469
1450,39122,-1686390,-6.916026
1451,-48345,-1734735,-7.114293
1452,-70261,-1804996,-7.402439
1453,-68473,-1873469,-7.683253
1454,-61392,-1934861,-7.935027
1455,61596,-1873265,-7.682416
1456,-85887,-1959152,-8.034646
1457,-49778,-2008930,-8.238790
1458,32807,-1976123,-8.104245
1459,-50500,-2026623,-8.311350
1460,95067,-1931556,-7.921472
1461,9999,-1921557,-7.880466
1462,83545,-1838012,-7.537841
1463,77260,-1760752,-7.220991
1464,-88462,-1849214,-7.583781
1465,52471,-1796743,-7.368593
1466,-41608,-1838351,-7.539231
1467,97558,-1740793,-7.139137
1468,-48896,-1789689,-7.339664
1469,-99937,-1889626,-7.749514
1470,24083,-1865543,-7.650748
1471,-42842,-1908385,-7.826446
1472,-86876,-1995261,-8.182732
1473,47518,-1947743,-7.987857
1474,15734,-1932009,-7.923330
1475,46683,-1885326,-7.731879
1476,84233,-1801093,-7.386433
1477,-36455,-1837548,-7.535938
1478,91745,-1745803,-7.159684
1479,-46279,-1792082,-7.349478
1480,54166,-1737916,-7.127339
1481,63105,-1674811,-6.868540
1482,51706,-1623105,-6.656489
1483,-61529,-1684634,-6.908825
1484,-44557,-1729191,-7.091557
1485,27967,-1701224,-6.976862
1486,-37876,-1739100,-7.132194
1487,-93461,-1832561,-7.515486
1488,-11921,-1844482,-7.564375
1489,-28036,-1872518,-7.679353
1490,98509,-1774009,-7.275359
1491,-33953,-1807962,-7.414603
1492,-22170,-1830132,-7.505524
1493,5188,-1824944,-7.484248
1494,-55119,-1880063,-7.710295
1495,-23379,-1903442,-7.806175
1496,-98389,-2001831,-8.209676
1497,-88950,-2090781,-8.574467
1498,-12734,-2103515,-8.626691
1499,-93166,-2196681,-9.008772
1500,-66800,-2263481,-9.282725
1501,-40178,-2303659,-9.447498
1502,-56299,-2359958,-9.678385
1503,30700,-2329258,-9.552482
1504,39596,-2289662,-9.390095
1505,-68186,-2357848,-9.669732
1506,-97675,-2455523,-10.070305
1507,-87685,-2543208,-10.429908
1508,-99971,-2643179,-10.839898
1509,-40836,-2684015,-11.007370
1510,52415,-2631600,-10.792411
1511,-49336,-2680936,-10.994742
1512,-14417,-2695353,-11.053868
1513,12274,-2683079,-11.003531
1514,-97885,-2780964,-11.404966
1515,-37983,-2818947,-11.560737
1516,-63563,-2882510,-11.821414
1517,-55798,-2938308,-12.050246
1518,35550,-2902758,-11.904453
1519,-32265,-2935023,-12.036774
1520,95403,-2839620,-11.645519
1521,51234,-2788386,-11.435404
1522,-38543,-2826929,-11.593472
1523,-72482,-2899411,-11.890727
1524,-81937,-2981348,-12.226757
1525,-20313,-3001661,-12.310062
1526,-23102,-3024763,-12.404806
1527,-47492,-3072255,-12.599574
1528,61731,-3010524,-12.346410
1529,-14963,-3025487,-12.407775
1530,85920,-2939567,-12.055410
1531,-37123,-2976690,-12.207654
1532,-65637,-3042327,-12.476837
1533,15907,-3026420,-12.411601
1534,75370,-2951050,-12.102502
1535,67311,-2883739,-11.826454
1536,37795,-2845944,-11.671454
1537,-98901,-2944845,-12.077055
1538,-57172,-3002017,-12.311522
1539,53987,-2948030,-12.090117
1540,32277,-2915753,-11.957747
1541,-93216,-3008969,-12.340033
1542,-77460,-3086429,-12.657703
1543,36882,-3049547,-12.506447
1544,-91849,-3141396,-12.883127
1545,63120,-3078276,-12.624267
1546,-60569,-3138845,-12.872665
1547,12158,-3126687,-12.822804
1548,-38125,-3164812,-12.979158
1549,61130,-3103682,-12.728459
1550,-20334,-3124016,-12.811850
1551,60622,-3063394,-12.563235
1552,99977,-2963417,-12.153221
1553,49458,-2913959,-11.950389
1554,64091,-2849868,-11.687547
1555,-12587,-2862455,-11.739167
1556,61224,-2801231,-11.488082
1557,-20991,-2822222,-11.574168
1558,-36585,-2858807,-11.724206
1559,-66426,-2925233,-11.996625
1560,-76811,-3002044,-12.311633
1561,36662,-2965382,-12.161279
1562,-1490,-2966872,-12.167390
1563,52791,-2914081,-11.950890
1564,-17938,-2932019,-12.024455
1565,78617,-2853402,-11.702040
1566,76119,-2777283,-11.389870
1567,-66555,-2843838,-11.662817
1568,23760,-2820078,-11.565375
1569,89691,-2730387,-11.197545
1570,30215,-2700172,-11.073631
1571,45089,-2655083,-10.888717
1572,-50032,-2705115,-11.093903
1573,3199,-2701916,-11.080783
1574,21616,-2680300,-10.992134
1575,-4574,-2684874,-11.010892
1576,49522,-2635352,-10.807799
1577,-66382,-2701734,-11.080037
1578,18409,-2683325,-11.004540
1579,-85708,-2769033,-11.356036
1580,-81465,-2850498,-11.690130
1581,-55392,-2905890,-11.917298
1582,-713,-2906603,-11.920222
1583,82897,-2823706,-11.580254
1584,64371,-2759335,-11.316263
1585,-37513,-2796848,-11.470107
1586,95110,-2701738,-11.080053
1587,11326,-2690412,-11.033604
1588,74912,-2615500,-10.726384
1589,-94099,-2709599,-11.112292
1590,-42460,-2752059,-11.286424
1591,92301,-2659758,-10.907890
1592,-80819,-2740577,-11.239335
1593,82359,-2658218,-10.901574
1594,-66995,-2725213,-11.176326
1595,-78563,-2803776,-11.498520
1596,23,-2803753,-11.498425
1597,68411,-2735342,-11.217866
1598,92319,-2643023,-10.839258
1599,22341,-2620682,-10.747636
1600,64866,-2555816,-10.481615
1601,20664,-2535152,-10.396870
1602,-14008,-2549160,-10.454318
1603,33999,-2515161,-10.314885
1604,1976,-2513185,-10.306782
1605,40104,-2473081,-10.142312
1606,56419,-2416662,-9.910933
1607,52374,-2364288,-9.696143
1608,-57483,-2421771,-9.931885
1609,67361,-2354410,-9.655632
1610,-12472,-2366882,-9.706781
1611,83757,-2283125,-9.363286
1612,-5194,-2288319,-9.384587
1613,-69200,-2357519,-9.668382
1614,-73288,-2430807,-9.968942
1615,-75682,-2506489,-10.279321
1616,-44779,-2551268,-10.462963
1617,-21790,-2573058,-10.552326
1618,-79282,-2652340,-10.877468
1619,-67264,-2719604,-11.153323
1620,-60138,-2779742,-11.399954
1621,-51293,-2831035,-11.610311
1622,88599,-2742436,-11.246959
1623,90514,-2651922,-10.875754
1624,95259,-2556663,-10.485088
1625,-6408,-2563071,-10.511368
1626,78471,-2484600,-10.189552
1627,33146,-2451454,-10.053618
1628,-56650,-2508104,-10.285944
1629,20876,-2487228,-10.200330
1630,-94043,-2581271,-10.586008
1631,-5511,-2586782,-10.608609
1632,85536,-2501246,-10.257819
1633,-47576,-2548822,-10.452932
1634,85227,-2463595,-10.103409
1635,84967,-2378628,-9.754952
1636,35071,-2343557,-9.611123
1637,-52210,-2395767,-9.825241
1638,-89377,-2485144,-10.191783
1639,-83664,-2568808,-10.534896
1640,97888,-2470920,-10.133449
1641,3765,-2467155,-10.118009
1642,-35886,-2503041,-10.265180
1643,-56365,-2559406,-10.496338
1644,76218,-2483188,-10.183761
1645,-53809,-2536997,-10.404437
1646,-256,-2537253,-10.405486
1647,10586,-2526667,-10.362072
1648,-34323,-2560990,-10.502834
1649,-96093,-2657083,-10.896919
1650,71772,-2585311,-10.602576
1651,-75177,-2660488,-10.910883
1652,-30938,-2691426,-11.037763
1653,53728,-2637698,-10.817420
1654,-44833,-2682531,-11.001284
1655,-54504,-2737035,-11.224809
1656,-16753,-2753788,-11.293515
1657,-83628,-2837416,-11.636480
1658,-21286,-2858702,-11.723776
1659,4573,-2854129,-11.705021
1660,83600,-2770529,-11.362171
1661,-40903,-2811432,-11.529917
1662,-57141,-2868573,-11.764257
1663,67632,-2800941,-11.486893
1664,-56343,-2857284,-11.717960
1665,97454,-2759830,-11.318293
1666,-75208,-2835038,-11.626728
1667,66877,-2768161,-11.352459
1668,46313,-2721848,-11.162526
1669,86652,-2635196,-10.807159
1670,-22632,-2657828,-10.899975
1671,20981,-2636847,-10.813930
1672,62335,-2574512,-10.558289
1673,98390,-2476122,-10.154783
1674,85918,-2390204,-9.802426
1675,-70268,-2460472,-10.090601
1676,62479,-2397993,-9.834370
1677,-57591,-2455584,-10.070555
1678,23734,-2431850,-9.973220
1679,-88396,-2520246,-10.335739
1680,89139,-2431107,-9.970173
1681,-95456,-2526563,-10.361646
1682,-12271,-2538834,-10.411970
1683,95304,-2443530,-10.021121
1684,-81920,-2525450,-10.357081
1685,22005,-2503445,-10.266837
1686,-26865,-2530310,-10.377013
1687,99201,-2431109,-9.970181
1688,-68903,-2500012,-10.252758
1689,-8167,-2508179,-10.286252
1690,84641,-2423538,-9.939132
1691,43266,-2380272,-9.761694
1692,47765,-2332507,-9.565806
1693,-55636,-2388143,-9.793974
1694,-40898,-2429041,-9.961700
1695,87865,-2341176,-9.601358
1696,-28303,-2369479,-9.717431
1697,35558,-2333921,-9.571605
1698,96132,-2237789,-9.177360
1699,76947,-2160842,-8.861793
1700,-6658,-2167500,-8.889098
1701,44533,-2122967,-8.706465
1702,70222,-2052745,-8.418479
1703,-13837,-2066582,-8.475225
1704,73853,-1992729,-8.172348
1705,95721,-1897008,-7.779788
1706,-68727,-1965735,-8.061643
1707,67169,-1898566,-7.786178
1708,-89355,-1987921,-8.152630
1709,-12389,-2000310,-8.203438
1710,-85664,-2085974,-8.554754
1711,81138,-2004836,-8.222000
1712,-11180,-2016016,-8.267850
1713,31134,-1984882,-8.140167
1714,-3177,-1988059,-8.153196
1715,-61708,-2049767,-8.406266
1716,55433,-1994334,-8.178930
1717,-63465,-2057799,-8.439206
1718,24894,-2032905,-8.337113
1719,-49046,-2081951,-8.538255
1720,-62332,-2144283,-8.793884
1721,-69437,-2213720,-9.078651
1722,84655,-2129065,-8.731473
1723,88327,-2040738,-8.369237
1724,-87456,-2128194,-8.727901
1725,93644,-2034550,-8.343859
1726,-37339,-2071889,-8.496990
1727,49655,-2022234,-8.293351
1728,-54839,-2077073,-8.518250
1729,-31699,-2108772,-8.648250
1730,36956,-2071816,-8.496690
1731,-82827,-2154643,-8.836371
1732,33763,-2120880,-8.697906
1733,-51605,-2172485,-8.909542
1734,21427,-2151058,-8.821668
1735,92162,-2058896,-8.443704
1736,32187,-2026709,-8.311703
1737,-29029,-2055738,-8.430753
1738,-74708,-2130446,-8.737137
1739,-23776,-2154222,-8.834644
1740,-81891,-2236113,-9.170486
1741,-67904,-2304017,-9.448966
1742,-46742,-2350759,-9.640659
1743,93158,-2257601,-9.258610
1744,-69138,-2326739,-9.542151
1745,78451,-2248288,-9.220417
1746,-71347,-2319635,-9.513017
1747,14783,-2304852,-9.452391
1748,15814,-2289038,-9.387536
1749,45715,-2243323,-9.200055
1750,76691,-2166632,-8.885539
1751,-75808,-2242440,-9.196434
1752,27127,-2215313,-9.085184
1753,40274,-2175039,-8.920017
1754,20727,-2154312,-8.835013
1755,43841,-2110471,-8.655218
1756,61680,-2048791,-8.402263
1757,-46730,-2095521,-8.593907
1758,25296,-2070225,-8.490166
1759,-61065,-2131290,-8.740598
1760,-6013,-2137303,-8.765258
1761,-23233,-2160536,-8.860539
1762,42840,-2117696,-8.684848
1763,-93968,-2211664,-9.070219
1764,-5658,-2217322,-9.093423
1765,2683,-2214639,-9.082419
1766,66363,-2148276,-8.810259
1767,-8378,-2156654,-8.844618
1768,38681,-2117973,-8.685984
1769,23978,-2093995,-8.587648
1770,-52441,-2146436,-8.802713
1771,86650,-2059786,-8.447354
1772,-18503,-2078289,-8.523237
1773,-70191,-2148480,-8.811096
1774,-33645,-2182125,-8.949077
1775,88862,-2093263,-8.584646
1776,-50518,-2143781,-8.791825
1777,86181,-2057600,-8.438389
1778,51642,-2005958,-8.226601
1779,22390,-1983568,-8.134778
1780,-11256,-1994824,-8.180940
1781,82735,-1912089,-7.841637
1782,-87659,-1999748,-8.201134
1783,-75927,-2075675,-8.512517
1784,-86570,-2162245,-8.867547
1785,31595,-2130650,-8.737974
1786,86527,-2044123,-8.383119
1787,20013,-2024110,-8.301044
1788,-33001,-2057111,-8.436384
1789,96758,-1960353,-8.039571
1790,12019,-1948334,-7.990280
1791,-39228,-1987562,-8.151158
1792,21580,-1965982,-8.062656
1793,72085,-1893897,-7.767030
1794,91540,-1802357,-7.391617
1795,-40931,-1843288,-7.559478
1796,44035,-1799253,-7.378887
1797,-25952,-1825205,-7.485318
1798,96758,-1728447,-7.088505
1799,59383,-1669064,-6.844971
1800,-10932,-1679996,-6.889804
1801,-56028,-1736024,-7.119579
1802,50073,-1685951,-6.914226
1803,-60055,-1746006,-7.160516
1804,38354,-1707652,-7.003223
1805,-56771,-1764423,-7.236046
1806,-50713,-1815136,-7.444024
1807,-30013,-1845149,-7.567110
1808,-74560,-1919709,-7.872887
1809,49501,-1870208,-7.669879
1810,-5883,-1876091,-7.694006
1811,-18438,-1894529,-7.769622
1812,-65767,-1960296,-8.039338
1813,-63552,-2023848,-8.299970
1814,46443,-1977405,-8.109503
1815,-42522,-2019927,-8.283889
1816,-34891,-2054818,-8.426980
1817,844,-2053974,-8.423519
1818,-48275,-2102249,-8.621499
1819,-71449,-2173698,-8.914517
1820,-6531,-2180229,-8.941301
1821,-7764,-2187993,-8.973142
1822,71227,-2116766,-8.681034
1823,-29120,-2145886,-8.800458
1824,-4735,-2150621,-8.819876
1825,98050,-2052571,-8.417765
1826,-26394,-2078965,-8.526009
1827,-54145,-2133110,-8.748062
1828,-90708,-2223818,-9.120063
1829,62966,-2160852,-8.861834
1830,11026,-2149826,-8.816616
1831,-30262,-2180088,-8.940723
1832,-23926,-2204014,-9.038845
1833,66339,-2137675,-8.766784
1834,-78868,-2216543,-9.090228
1835,-36985,-2253528,-9.241907
1836,-77379,-2330907,-9.559244
1837,-2147,-2333054,-9.568049
1838,7797,-2325257,-9.536073
1839,21444,-2303813,-9.448129
1840,81760,-2222053,-9.112825
1841,-90197,-2312250,-9.482730
1842,4105,-2308145,-9.465895
1843,61087,-2247058,-9.215373
1844,58012,-2189046,-8.977460
1845,-93652,-2282698,-9.361535
1846,-86012,-2368710,-9.714278
1847,-40820,-2409530,-9.881684
1848,51063,-2358467,-9.672270
1849,52770,-2305697,-9.455856
1850,-52598,-2358295,-9.671565
1851,-77618,-2435913,-9.989883
1852,-48184,-2484097,-10.187489
1853,-57900,-2541997,-10.424942
1854,-49583,-2591580,-10.628286
1855,59532,-2532048,-10.384140
1856,-97657,-2629705,-10.784640
1857,93808,-2535897,-10.399925
1858,36429,-2499468,-10.250527
1859,20494,-2478974,-10.166479
1860,-21418,-2500392,-10.254316
1861,44304,-2456088,-10.072622
1862,44620,-2411468,-9.889632
1863,-84,-2411552,-9.889976
1864,-46030,-2457582,-10.078749
1865,-87844,-2545426,-10.439005
1866,-78361,-2623787,-10.760370
1867,-22304,-2646091,-10.851840
1868,59069,-2587022,-10.609593
1869,-75779,-2662801,-10.920369
1870,-32402,-2695203,-11.053253
1871,-89323,-2784526,-11.419574
1872,-71249,-2855775,-11.711772
1873,-97927,-2953702,-12.113379
1874,-87094,-3040796,-12.470558
1875,-87207,-3128003,-12.828202
1876,-89243,-3217246,-13.194195
1877,80487,-3136759,-12.864111
1878,-67434,-3204193,-13.140663
1879,-24191,-3228384,-13.239872
1880,35480,-3192904,-13.094366
1881,-22943,-3215847,-13.188457
1882,-77368,-3293215,-13.505750
1883,-52514,-3345729,-13.721114
1884,57483,-3288246,-13.485371
1885,-24681,-3312927,-13.586590
1886,-83827,-3396754,-13.930372
1887,-83806,-3480560,-14.274067
1888,-26960,-3507520,-14.384632
1889,-15128,-3522648,-14.446674
1890,18303,-3504345,-14.371611
1891,20006,-3484339,-14.289565
1892,-44851,-3529190,-14.473503
1893,86304,-3442886,-14.119563
1894,-97138,-3540024,-14.517934
1895,-25911,-3565935,-14.624197
1896,-62056,-3627991,-14.878694
1897,-1042,-3629033,-14.882967
1898,87419,-3541614,-14.524455
1899,-76634,-3618248,-14.838737
1900,-13535,-3631783,-14.894245
1901,-35054,-3666837,-15.038005
1902,91341,-3575496,-14.663408
1903,-69255,-3644751,-14.947428
1904,15015,-3629736,-14.885850
1905,78884,-3550852,-14.562341
1906,22928,-3527924,-14.468311
1907,80489,-3447435,-14.138219
1908,-44361,-3491796,-14.320147
1909,-23634,-3515430,-14.417072
1910,-14052,-3529482,-14.474700
1911,-63237,-3592719,-14.734041
1912,-56974,-3649693,-14.967696
1913,70292,-3579401,-14.679422
1914,-14059,-3593460,-14.737080
1915,91988,-3501472,-14.359829
1916,1618,-3499854,-14.353194
1917,87334,-3412520,-13.995029
1918,20116,-3392404,-13.912532
1919,-9136,-3401540,-13.950000
1920,62160,-3339380,-13.695076
1921,4993,-3334387,-13.674600
1922,35851,-3298536,-13.527572
1923,61371,-3237165,-13.275884
1924,55654,-3181511,-13.047642
1925,74867,-3106644,-12.740606
1926,42770,-3063874,-12.565203
1927,-23716,-3087590,-12.662464
1928,-78365,-3165955,-12.983846
1929,-22872,-3188827,-13.077646
1930,28953,-3159874,-12.958907
1931,38310,-3121564,-12.801795
1932,80277,-3041287,-12.472572
1933,29888,-3011399,-12.349999
1934,-99942,-3111341,-12.759869
1935,-81023,-3192364,-13.092151
1936,20971,-3171393,-13.006148
1937,-71411,-3242804,-13.299010
1938,57442,-3185362,-13.063436
1939,-42925,-3228287,-13.239475
1940,87302,-3140985,-12.881442
1941,48210,-3092775,-12.683729
1942,-1266,-3094041,-12.688921
1943,-36615,-3130656,-12.839082
1944,-1487,-3132143,-12.845180
1945,-91013,-3223156,-13.218432
1946,-57782,-3280938,-13.455401
1947,35614,-3245324,-13.309345
1948,-22561,-3267885,-13.401869
1949,-17659,-3285544,-13.474290
1950,-95230,-3380774,-13.864836
1951,94584,-3286190,-13.476940
1952,-57220,-3343410,-13.711604
1953,-9018,-3352428,-13.748587
1954,-57614,-3410042,-13.984867
1955,78972,-3331070,-13.660996
1956,71758,-3259312,-13.366711
1957,-97139,-3356451,-13.765086
1958,84848,-3271603,-13.417117
1959,36510,-3235093,-13.267387
1960,-65279,-3300372,-13.535101
1961,-82576,-3382948,-13.873752
1962,33310,-3349638,-13.737145
1963,32388,-3317250,-13.604319
1964,-58832,-3376082,-13.845594
1965,60649,-3315433,-13.596868
1966,-19291,-3334724,-13.675982
1967,-23189,-3357913,-13.771082
1968,52946,-3304967,-13.553946
1969,32827,-3272140,-13.419319
1970,-55369,-3327509,-13.646392
1971,-52039,-3379548,-13.859809
1972,31580,-3347968,-13.730296
1973,-83575,-3431543,-14.073044
1974,28004,-3403539,-13.958198
1975,90035,-3313504,-13.588957
1976,-45990,-3359494,-13.777565
1977,85396,-3274098,-13.427349
1978,-6515,-3280613,-13.454068
1979,98689,-3181924,-13.049336
1980,44257,-3137667,-12.867834
1981,-57061,-3194728,-13.101846
1982,-87170,-3281898,-13.459338
1983,32787,-3249111,-13.324876
1984,6403,-3242708,-13.298616
1985,-91834,-3334542,-13.675235
1986,-73908,-3408450,-13.978338
1987,3262,-3405188,-13.964960
1988,81158,-3324030,-13.632125
1989,-91458,-3415488,-14.007202
1990,45629,-3369859,-13.820073
1991,83654,-3286205,-13.477001
1992,-54718,-3340923,-13.701404
1993,-27587,-3368510,-13.814541
1994,30441,-3338069,-13.689700
1995,-65323,-3403392,-13.957595
1996,18141,-3385251,-13.883197
1997,40319,-3344932,-13.717845
1998,-66404,-3411336,-13.990174
1999,-93783,-3505119,-14.374786
2000,27946,-3477173,-14.260177
2001,-58852,-3536025,-14.501534
2002,33718,-3502307,-14.363253
2003,63931,-3438376,-14.101067
2004,23622,-3414754,-14.004191
2005,-72831,-3487585,-14.302877
2006,-55804,-3543389,-14.531734
2007,90862,-3452527,-14.159102
2008,-35823,-3488350,-14.306015
2009,38787,-3449563,-14.146946
2010,-17842,-3467405,-14.220117
2011,-48125,-3515530,-14.417482
2012,20717,-3494813,-14.332520
2013,-69499,-3564312,-14.617541
2014,19868,-3544444,-14.536061
2015,-71809,-3616253,-14.830556
2016,65330,-3550923,-14.562632
2017,-64261,-3615184,-14.826171
2018,42839,-3572345,-14.650485
2019,43591,-3528754,-14.471715
2020,60830,-3467924,-14.222246
2021,-46567,-3514491,-14.413221
2022,-89849,-3604340,-14.781699
2023,42707,-3561633,-14.606554
2024,60941,-3500692,-14.356630
2025,63307,-3437385,-14.097003
2026,42681,-3394704,-13.921965
2027,-96267,-3490971,-14.316764
2028,-99205,-3590176,-14.723612
2029,37943,-3552233,-14.568004
2030,90431,-3461802,-14.197139
2031,-64077,-3525879,-14.459924
2032,26223,-3499656,-14.352381
2033,80818,-3418838,-14.020940
2034,93965,-3324873,-13.635582
2035,-32387,-3357260,-13.768404
2036,-22789,-3380049,-13.861863
2037,-38449,-3418498,-14.019546
2038,88886,-3329612,-13.655017
2039,-98334,-3427946,-14.058293
2040,65633,-3362313,-13.789126
2041,-18851,-3381164,-13.866436
2042,-86422,-3467586,-14.220860
2043,-54566,-3522152,-14.444639
2044,-56445,-3578597,-14.676125
2045,79801,-3498796,-14.348855
2046,66836,-3431960,-14.074755
2047,-44191,-3476151,-14.255986
2048,-34034,-3510185,-14.395562
2049,-78305,-3588490,-14.716697
2050,35772,-3552718,-14.569993
2051,65115,-3487603,-14.302951
2052,-43993,-3531596,-14.483370
2053,-80717,-3612313,-14.814397
2054,-48707,-3661020,-15.014149
2055,23603,-3637417,-14.917351
2056,3133,-3634284,-14.904502
2057,-55668,-3689952,-15.132801
2058,-11831,-3701783,-15.181321
2059,-12872,-3714655,-15.234110
2060,-1414,-3716069,-15.239909
2061,-4148,-3720217,-15.256921
2062,-84130,-3804347,-15.601945
2063,9674,-3794673,-15.562271
2064,89273,-3705400,-15.196155
2065,-84986,-3790386,-15.544690
2066,39697,-3750689,-15.381889
2067,31393,-3719296,-15.253143
2068,12289,-3707007,-15.202745
2069,-76396,-3783403,-15.516052
2070,40493,-3742910,-15.349986
2071,-96226,-3839136,-15.744617
2072,55448,-3783688,-15.517220
2073,6010,-3777678,-15.492573
2074,70023,-3707655,-15.205403
2075,73235,-3634420,-14.905060
2076,2256,-3632164,-14.895808
2077,51566,-3580598,-14.684331
2078,-16737,-3597335,-14.752971
2079,276,-3597059,-14.751839
2080,30639,-3566420,-14.626186
2081,82113,-3484307,-14.289434
2082,-32281,-3516588,-14.421821
2083,72638,-3443950,-14.123927
2084,-30343,-3474293,-14.248366
2085,-52306,-3526599,-14.462877
2086,99513,-3427086,-14.054766
2087,-9005,-3436091,-14.091696
2088,66750,-3369341,-13.817949
2089,-72680,-3442021,-14.116016
2090,-21318,-3463339,-14.203442
2091,59020,-3404319,-13.961397
2092,-9884,-3414203,-14.001932
2093,-74504,-3488707,-14.307479
2094,-18062,-3506769,-14.381553
2095,25569,-3481200,-14.276692
2096,4254,-3476946,-14.259246
2097,-61786,-3538732,-14.512635
2098,-62453,-3601185,-14.768760
2099,71330,-3529855,-14.476230
2100,20868,-3508987,-14.390649
2101,66099,-3442888,-14.119571
2102,96709,-3346179,-13.722960
2103,83754,-3262425,-13.379477
2104,-30741,-3293166,-13.505549
2105,51568,-3241598,-13.294064
2106,31301,-3210297,-13.165696
2107,-4844,-3215141,-13.185562
2108,36315,-3178826,-13.036631
2109,963,-3177863,-13.032682
2110,-85923,-3263786,-13.385059
2111,55530,-3208256,-13.157326
2112,-71386,-3279642,-13.450086
2113,-73077,-3352719,-13.749781
2114,38554,-3314165,-13.591667
2115,-58193,-3372358,-13.830322
2116,-17319,-3389677,-13.901348
2117,5052,-3384625,-13.880630
2118,68672,-3315953,-13.599000
2119,72424,-3243529,-13.301983
2120,-74105,-3317634,-13.605894
2121,-17889,-3335523,-13.679258
2122,-15029,-3350552,-13.740894
2123,-86152,-3436704,-14.094210
2124,-1175,-3437879,-14.099029
2125,-64604,-3502483,-14.363975
2126,73309,-3429174,-14.063329
2127,-93046,-3522220,-14.444918
2128,50522,-3471698,-14.237723
2129,39787,-3431911,-14.074554
2130,-97241,-3529152,-14.473347
2131,39213,-3489939,-14.312531
2132,43936,-3446003,-14.132346
2133,-52758,-3498761,-14.348711
2134,66604,-3432157,-14.075562
2135,28072,-3404085,-13.960437
2136,96173,-3307912,-13.566023
2137,-22340,-3330252,-13.657642
2138,92398,-3237854,-13.278710
2139,61672,-3176182,-13.025788
2140,-15445,-3191627,-13.089129
2141,86712,-3104915,-12.733516
2142,73692,-3031223,-12.431299
2143,-27211,-3058434,-12.542893
2144,-25557,-3083991,-12.647705
2145,-94673,-3178664,-13.035967
2146,90223,-3088441,-12.665954
2147,-52286,-3140727,-12.880384
2148,-70718,-3211445,-13.170404
2149,12147,-3199298,-13.120588
2150,-35478,-3234776,-13.266087
2151,31109,-3203667,-13.138506
2152,56039,-3147628,-12.908685
2153,-81893,-3229521,-13.244535
2154,-27473,-3256994,-13.357204
2155,5951,-3251043,-13.332799
2156,25910,-3225133,-13.226540
2157,-31327,-3256460,-13.355014
2158,-87336,-3343796,-13.713187
2159,-68624,-3412420,-13.994619
2160,6256,-3406164,-13.968963
2161,41595,-3364569,-13.798378
2162,67388,-3297181,-13.522015
2163,83538,-3213643,-13.179418
2164,88445,-3125198,-12.816698
2165,53750,-3071448,-12.596265
2166,26133,-3045315,-12.489091
2167,-41808,-3087123,-12.660549
2168,-35395,-3122518,-12.805707
2169,48862,-3073656,-12.605320
2170,-81766,-3155422,-12.940649
2171,-82897,-3238319,-13.280617
2172,45426,-3192893,-13.094321
2173,16885,-3176008,-13.025074
2174,-10382,-3186390,-13.067651
2175,-20647,-3207037,-13.152327
2176,-77542,-3284579,-13.470333
2177,-51961,-3336540,-13.683429
2178,-39242,-3375782,-13.844364
2179,66590,-3309192,-13.571273
2180,38326,-3270866,-13.414095
2181,-22888,-3293754,-13.507960
2182,27306,-3266448,-13.395976
2183,76203,-3190245,-13.083461
2184,69471,-3120774,-12.798555
2185,4892,-3115882,-12.778492
2186,55959,-3059923,-12.549000
2187,-16831,-3076754,-12.618025
2188,-34733,-3111487,-12.760468
2189,-97177,-3208664,-13.158999
2190,-31948,-3240612,-13.290020
2191,41409,-3199203,-13.120199
2192,35419,-3163784,-12.974942
2193,65092,-3098692,-12.707995
2194,-54900,-3153592,-12.933144
2195,-31310,-3184902,-13.061549
2196,45463,-3139439,-12.875102
2197,-16977,-3156416,-12.944726
2198,-81456,-3237872,-13.278783
2199,16431,-3221441,-13.211399
2200,16181,-3205260,-13.145039
2201,63732,-3141528,-12.883669
2202,52807,-3088721,-12.667103
2203,-79960,-3168681,-12.995025
2204,56962,-3111719,-12.761419
2205,-38833,-3150552,-12.920677
2206,-77888,-3228440,-13.240102
2207,70506,-3157934,-12.950951
2208,-10894,-3168828,-12.995628
2209,-85648,-3254476,-13.346878
2210,-69176,-3323652,-13.630574
2211,-19973,-3343625,-13.712485
2212,-30609,-3374234,-13.838015
2213,-16485,-3390719,-13.905622
2214,78633,-3312086,-13.583141
2215,26674,-3285412,-13.473749
2216,-80465,-3365877,-13.803743
2217,65614,-3300263,-13.534654
2218,-30241,-3330504,-13.658675
2219,-19550,-3350054,-13.738851
2220,25012,-3325042,-13.636275
2221,-94281,-3419323,-14.022929
2222,-77005,-3496328,-14.338733
2223,56623,-3439705,-14.106517
2224,-81156,-3520861,-14.439345
2225,-8875,-3529736,-14.475742
2226,-15745,-3545481,-14.540314
2227,-26634,-3572115,-14.649542
2228,10892,-3561223,-14.604873
2229,27523,-3533700,-14.491999
2230,32848,-3500852,-14.357286
2231,4940,-3495912,-14.337027
2232,46185,-3449727,-14.147619
2233,3364,-3446363,-14.133822
2234,-79142,-3525505,-14.458390
2235,-9705,-3535210,-14.498191
2236,-12682,-3547892,-14.550201
2237,-30662,-3578554,-14.675949
2238,29388,-3549166,-14.555426
2239,-52452,-3601618,-14.770536
2240,29967,-3571651,-14.647639
2241,92800,-3478851,-14.267058
2242,-41032,-3519883,-14.435334
2243,18595,-3501288,-14.359074
2244,-86287,-3587575,-14.712945
2245,-53226,-3640801,-14.931229
2246,16633,-3624168,-14.863016
2247,-40627,-3664795,-15.029630
2248,74019,-3590776,-14.726072
2249,32096,-3558680,-14.594444
2250,-5320,-3564000,-14.616262
2251,52595,-3511405,-14.400565
2252,-70304,-3581709,-14.688888
2253,-25022,-3606731,-14.791505
2254,-19991,-3626722,-14.873490
2255,-33786,-3660508,-15.012049
2256,-22952,-3683460,-15.106177
2257,38395,-3645065,-14.948716
2258,74357,-3570708,-14.643772
2259,6791,-3563917,-14.615921
2260,7943,-3555974,-14.583346
2261,-33392,-3589366,-14.720290
2262,8354,-3581012,-14.686029
2263,57625,-3523387,-14.449704
2264,-37558,-3560945,-14.603733
2265,509,-3560436,-14.601645
2266,-36176,-3596612,-14.750006
2267,-97752,-3694364,-15.150895
2268,-73340,-3767704,-15.451669
2269,-52805,-3820509,-15.668226
2270,72116,-3748393,-15.372473
2271,75765,-3672628,-15.061754
2272,49631,-3622997,-14.858213
2273,-4979,-3627976,-14.878633
2274,-49395,-3677371,-15.081206
2275,-6523,-3683894,-15.107957
2276,-11429,-3695323,-15.154828
2277,-50123,-3745446,-15.360387
2278,83629,-3661817,-15.017417
2279,65095,-3596722,-14.750457
2280,53149,-3543573,-14.532489
2281,38191,-3505382,-14.375864
2282,-24337,-3529719,-14.475672
2283,-73741,-3603460,-14.778090
2284,19331,-3584129,-14.698812
2285,-16156,-3600285,-14.765069
2286,54504,-3545781,-14.541544
2287,95901,-3449880,-14.148246
2288,-32960,-3482840,-14.283418
2289,-14476,-3497316,-14.342785
2290,42383,-3454933,-14.168969
2291,-61756,-3516689,-14.422235
2292,19769,-3496920,-14.341161
2293,12442,-3484478,-14.290135
2294,-18148,-3502626,-14.364562
2295,-45251,-3547877,-14.550140
2296,99091,-3448786,-14.143759
2297,-78919,-3527705,-14.467413
2298,16917,-3510788,-14.398035
2299,42546,-3468242,-14.223550
2300,-76448,-3544690,-14.537070
2301,-15417,-3560107,-14.600296
2302,-8362,-3568469,-14.634589
2303,-27043,-3595512,-14.745495
2304,535,-3594977,-14.743301
2305,-13598,-3608575,-14.799067
2306,2972,-3605603,-14.786879
2307,-31594,-3637197,-14.916449
2308,-28817,-3666014,-15.034630
2309,-22480,-3688494,-15.126822
2310,-16750,-3705244,-15.195515
2311,-94699,-3799943,-15.583884
2312,-98827,-3898770,-15.989181
2313,37179,-3861591,-15.836707
2314,3908,-3857683,-15.820680
2315,-93726,-3951409,-16.205058
2316,-8902,-3960311,-16.241566
2317,37444,-3922867,-16.088005
2318,-67199,-3990066,-16.363594
2319,37774,-3952292,-16.208680
2320,25318,-3926974,-16.104848
2321,66071,-3860903,-15.833886
2322,-68944,-3929847,-16.116631
2323,-16673,-3946520,-16.185008
2324,-27089,-3973609,-16.296102
2325,-63552,-4037161,-16.556734
2326,15535,-4021626,-16.493024
2327,22154,-3999472,-16.402169
2328,-64973,-4064445,-16.668628
2329,-75906,-4140351,-16.979925
2330,76739,-4063612,-16.665212
2331,47063,-4016549,-16.472203
2332,-21920,-4038469,-16.562099
2333,-53072,-4091541,-16.779751
2334,89420,-4002121,-16.413032
2335,-74651,-4076772,-16.719182
2336,-1955,-4078727,-16.727200
2337,-71152,-4149879,-17.019000
2338,99398,-4050481,-16.611361
2339,10674,-4039807,-16.567586
2340,34221,-4005586,-16.427243
2341,-90887,-4096473,-16.799978
2342,-56705,-4153178,-17.032530
2343,63850,-4089328,-16.770676
2344,-26768,-4116096,-16.880453
2345,11633,-4104463,-16.832746
2346,49778,-4054685,-16.628602
2347,-51212,-4105897,-16.838626
2348,-934,-4106831,-16.842457
2349,-55047,-4161878,-17.068209
2350,-66296,-4228174,-17.340095
2351,-27140,-4255314,-17.451398
2352,-2505,-4257819,-17.461671
2353,94249,-4163570,-17.075148
2354,-17790,-4181360,-17.148107
2355,-59668,-4241028,-17.392810
2356,-27323,-4268351,-17.504864
2357,76282,-4192069,-17.192025
2358,-50317,-4242386,-17.398379
2359,-57713,-4300099,-17.635065
2360,-74947,-4375046,-17.942429
2361,46976,-4328070,-17.749776
2362,47246,-4280824,-17.556017
2363,14716,-4266108,-17.495665
2364,80523,-4185585,-17.165434
2365,-52382,-4237967,-17.380257
2366,91780,-4146187,-17.003859
2367,-96830,-4243017,-17.400967
2368,-11944,-4254961,-17.449950
2369,-29470,-4284431,-17.570809
2370,12851,-4271580,-17.518106
2371,-87877,-4359457,-17.878497
2372,-30966,-4390423,-18.005491
2373,-94385,-4484808,-18.392572
2374,86818,-4397990,-18.036524
2375,-56625,-4454615,-18.268748
2376,-37911,-4492526,-18.424224
2377,-54122,-4546648,-18.646183
2378,54834,-4491814,-18.421304
2379,56081,-4435733,-18.191311
2380,-6352,-4442085,-18.217362
2381,-6511,-4448596,-18.244064
2382,17721,-4430875,-18.171388
2383,-29722,-4460597,-18.293281
2384,-64362,-4524959,-18.557235
2385,-86056,-4611015,-18.910158
2386,-72058,-4683073,-19.205673
2387,-48430,-4731503,-19.404289
2388,-69128,-4800631,-19.687789
2389,-14250,-4814881,-19.746229
2390,81859,-4733022,-19.410518
2391,71415,-4661607,-19.117640
2392,91954,-4569653,-18.740529
2393,8435,-4561218,-18.705936
2394,-22835,-4584053,-18.799584
2395,22652,-4561401,-18.706686
2396,36667,-4524734,-18.556312
2397,93531,-4431203,-18.172734
2398,64931,-4366272,-17.906446
2399,-74369,-4440641,-18.211440
2400,84536,-4356105,-17.864750
2401,-59032,-4415137,-18.106846
2402,85763,-4329374,-17.755124
2403,-98284,-4427658,-18.158195
2404,36654,-4391004,-18.007874
2405,-79323,-4470327,-18.333184
2406,-14735,-4485062,-18.393614
2407,-17910,-4502972,-18.467064
2408,66840,-4436132,-18.192948
2409,-1864,-4437996,-18.200592
2410,66659,-4371337,-17.927218
2411,-88901,-4460238,-18.291808
2412,39044,-4421194,-18.131686
2413,90236,-4330958,-17.761620
2414,-90713,-4421671,-18.133642
2415,-47003,-4468674,-18.326405
2416,15494,-4453180,-18.262863
2417,-8712,-4461892,-18.298592
2418,42666,-4419226,-18.123615
2419,-47104,-4466330,-18.316792
2420,97879,-4368451,-17.915382
2421,38192,-4330259,-17.758754
2422,-93431,-4423690,-18.141922
2423,31271,-4392419,-18.013677
2424,-5538,-4397957,-18.036389
2425,36056,-4361901,-17.888520
2426,45015,-4316886,-17.703910
2427,93865,-4223021,-17.318962
2428,96617,-4126404,-16.922727
2429,-81637,-4208041,-17.257528
2430,65046,-4142995,-16.990768
2431,53807,-4089188,-16.770101
2432,-97610,-4186798,-17.170408
2433,55401,-4131397,-16.943204
2434,-13295,-4144692,-16.997728
2435,65986,-4078706,-16.727114
2436,-89584,-4168290,-17.094505
2437,-89066,-4257356,-17.459772
2438,80593,-4176763,-17.129254
2439,-49645,-4226408,-17.332852
2440,27347,-4199061,-17.220700
2441,-52205,-4251266,-17.434797
2442,12371,-4238895,-17.384062
2443,-32230,-4271125,-17.516240
2444,-30723,-4301848,-17.642238
2445,-18273,-4320121,-17.717177
2446,77564,-4242557,-17.399081
2447,-74302,-4316859,-17.703799
2448,8688,-4308171,-17.668169
2449,1283,-4306888,-17.662907
2450,-11228,-4318116,-17.708954
2451,26441,-4291675,-17.600518
2452,-46072,-4337747,-17.789463
2453,12467,-4325280,-17.738334
2454,-68407,-4393687,-18.018877
2455,45265,-4348422,-17.833242
2456,95648,-4252774,-17.440981
2457,-38512,-4291286,-17.598922
2458,40228,-4251058,-17.433944
2459,-6861,-4257919,-17.462081
2460,66039,-4191880,-17.191250
2461,98220,-4093660,-16.788442
2462,-533,-4094193,-16.790627
2463,26687,-4067506,-16.681182
2464,-68765,-4136271,-16.963193
2465,-54070,-4190341,-17.184938
2466,62647,-4127694,-16.928018
2467,75123,-4052571,-16.619932
2468,-65874,-4118445,-16.890087
2469,56592,-4061853,-16.657998
2470,20516,-4041337,-16.573861
2471,83536,-3957801,-16.231272
2472,87118,-3870683,-15.873994
2473,-25892,-3896575,-15.980179
2474,-39945,-3936520,-16.143997
2475,29245,-3907275,-16.024061
2476,19242,-3888033,-15.945148
2477,74101,-3813932,-15.641254
2478,-79854,-3893786,-15.968742
2479,-32460,-3926246,-16.101863
2480,-45971,-3972217,-16.290394
2481,54952,-3917265,-16.065031
2482,-13153,-3930418,-16.118972
2483,-79962,-4010380,-16.446903
2484,-50592,-4060972,-16.654385
2485,81522,-3979450,-16.320057
2486,55595,-3923855,-16.092057
2487,97898,-3825957,-15.690569
2488,11045,-3814912,-15.645273
2489,-17836,-3832748,-15.718420
2490,93957,-3738791,-15.333094
2491,58563,-3680228,-15.092922
2492,-66821,-3747049,-15.366961
2493,-78185,-3825234,-15.687604
2494,-91383,-3916617,-16.062373
2495,-61744,-3978361,-16.315591
2496,-99,-3978460,-16.315997
2497,56310,-3922150,-16.085065
2498,80014,-3842136,-15.756921
2499,-84352,-3926488,-16.102855
2500,-88876,-4015364,-16.467343
2501,97230,-3918134,-16.068595
2502,88009,-3830125,-15.707662
2503,-35696,-3865821,-15.854055
2504,88133,-3777688,-15.492614
2505,49741,-3727947,-15.288622
2506,63273,-3664674,-15.029134
2507,49511,-3615163,-14.826085
2508,29290,-3585873,-14.705965
2509,15613,-3570260,-14.641934
2510,95458,-3474802,-14.250453
2511,52070,-3422732,-14.036910
2512,59212,-3363520,-13.794076
2513,-71355,-3434875,-14.086709
2514,-3788,-3438663,-14.102244
2515,-9675,-3448338,-14.141922
2516,23852,-3424486,-14.044103
2517,47223,-3377263,-13.850438
2518,24788,-3352475,-13.748780
2519,-44846,-3397321,-13.932697
2520,39957,-3357364,-13.768830
2521,-25286,-3382650,-13.872530
2522,-60904,-3443554,-14.122303
2523,-29816,-3473370,-14.244580
2524,-12034,-3485404,-14.293933
2525,-34380,-3519784,-14.434928
2526,70826,-3448958,-14.144465
2527,44930,-3404028,-13.960203
2528,62959,-3341069,-13.702003
2529,-14852,-3355921,-13.762912
2530,-12965,-3368886,-13.816083
2531,-31985,-3400871,-13.947256
2532,-93070,-3493941,-14.328944
2533,29196,-3464745,-14.209209
2534,48368,-3416377,-14.010847
2535,50954,-3365423,-13.801881
2536,-63187,-3428610,-14.061016
2537,80022,-3348588,-13.732839
2538,59427,-3289161,-13.489124
2539,36976,-3252185,-13.337482
2540,8791,-3243394,-13.301430
2541,-16475,-3259869,-13.368995
2542,-88755,-3348624,-13.732987
2543,-91064,-3439688,-14.106448
2544,13181,-3426507,-14.052391
2545,-84228,-3510735,-14.397817
2546,-91217,-3601952,-14.771906
2547,24952,-3577000,-14.669576
2548,33073,-3543927,-14.533941
2549,-9161,-3553088,-14.571511
2550,45742,-3507346,-14.383919
2551,64050,-3443296,-14.121244
2552,-5656,-3448952,-14.144440
2553,-57172,-3506124,-14.378907
2554,39626,-3466498,-14.216398
2555,12094,-3454404,-14.166799
2556,-25366,-3479770,-14.270827
2557,-21880,-3501650,-14.360559
2558,2905,-3498745,-14.348645
2559,-77976,-3576721,-14.668431
2560,60504,-3516217,-14.420300
2561,-84046,-3600263,-14.764979
2562,3075,-3597188,-14.752368
2563,69913,-3527275,-14.465649
2564,33971,-3493304,-14.326331
2565,-88605,-3581909,-14.689708
2566,-64104,-3646013,-14.952604
2567,-56502,-3702515,-15.184323
2568,8697,-3693818,-15.148656
2569,9748,-3684070,-15.108679
2570,81162,-3602908,-14.775827
2571,-71919,-3674827,-15.070772
2572,-1245,-3676072,-15.075878
2573,70117,-3605955,-14.788323
2574,-35481,-3641436,-14.933833
2575,56120,-3585316,-14.703680
2576,-64587,-3649903,-14.968557
2577,35552,-3614351,-14.822755
2578,-49868,-3664219,-15.027268
2579,55551,-3608668,-14.799449
2580,39538,-3569130,-14.637300
2581,-11198,-3580328,-14.683224
2582,-10118,-3590446,-14.724719
2583,-82808,-3673254,-15.064321
2584,-77622,-3750876,-15.382656
2585,-40374,-3791250,-15.548233
2586,-44196,-3835446,-15.729484
2587,24397,-3811049,-15.629430
2588,54526,-3756523,-15.405815
2589,-1825,-3758348,-15.413299
2590,-5922,-3764270,-15.437586
2591,-19425,-3783695,-15.517249
2592,46343,-3737352,-15.327193
2593,23864,-3713488,-15.229324
2594,25372,-3688116,-15.125272
2595,-11051,-3699167,-15.170593
2596,-65461,-3764628,-15.439054
2597,47321,-3717307,-15.244986
2598,-35058,-3752365,-15.388762
2599,-61665,-3814030,-15.641656
2600,-44286,-3858316,-15.823276
2601,-26778,-3885094,-15.933095
2602,-22299,-3907393,-16.024545
2603,33126,-3874267,-15.888692
2604,-45816,-3920083,-16.076588
2605,10366,-3909717,-16.034076
2606,16224,-3893493,-15.967540
2607,27158,-3866335,-15.856163
2608,46018,-3820317,-15.667439
2609,-90875,-3911192,-16.040125
2610,70297,-3840895,-15.751831
2611,-56257,-3897152,-15.982546
2612,7125,-3890027,-15.953326
2613,25621,-3864406,-15.848252
2614,10726,-3853680,-15.804263
2615,31287,-3822393,-15.675953
2616,79411,-3742982,-15.350282
2617,69366,-3673616,-15.065806
2618,83754,-3589862,-14.722324
2619,-91112,-3680974,-15.095982
2620,74769,-3606205,-14.789348
2621,-30750,-3636955,-14.915456
2622,53152,-3583803,-14.697475
2623,9669,-3574134,-14.657822
2624,63911,-3510223,-14.395718
2625,-62796,-3573019,-14.653249
2626,39239,-3533780,-14.492327
2627,-4645,-3538425,-14.511376
2628,56136,-3482289,-14.281158
2629,2080,-3480209,-14.272628
2630,-51660,-3531869,-14.484490
2631,-41105,-3572974,-14.653065
2632,28194,-3544780,-14.537439
2633,74697,-3470083,-14.231100
2634,-98243,-3568326,-14.634003
2635,-89947,-3658273,-15.002883
2636,33187,-3625086,-14.866780
2637,-62121,-3687207,-15.121544
2638,96253,-3590954,-14.726802
2639,-87990,-3678944,-15.087657
2640,43313,-3635631,-14.910026
2641,43702,-3591929,-14.730801
2642,-48456,-3640385,-14.929523
2643,71710,-3568675,-14.635434
2644,95327,-3473348,-14.244490
2645,94428,-3378920,-13.857233
2646,-14032,-3392952,-13.914779
2647,97892,-3295060,-13.513316
2648,18290,-3276770,-13.438307
2649,-36073,-3312843,-13.586246
2650,8999,-3303844,-13.549340
2651,-27108,-3330952,-13.660512
2652,36155,-3294797,-13.512238
2653,59826,-3234971,-13.266886
2654,70541,-3164430,-12.977592
2655,45269,-3119161,-12.791940
2656,55838,-3063323,-12.562943
2657,23346,-3039977,-12.467200
2658,-61725,-3101702,-12.720339
2659,93002,-3008700,-12.338930
2660,-70230,-3078930,-12.626949
2661,-20264,-3099194,-12.710053
2662,59271,-3039923,-12.466978
2663,82927,-2956996,-12.126888
2664,91754,-2865242,-11.750597
2665,58896,-2806346,-11.509059
2666,28087,-2778259,-11.393872
2667,89344,-2688915,-11.027465
2668,92435,-2596480,-10.648381
2669,-54875,-2651355,-10.873428
2670,59793,-2591562,-10.628212
2671,70882,-2520680,-10.337519
2672,10327,-2510353,-10.295167
2673,65658,-2444695,-10.025898
2674,65526,-2379169,-9.757171
2675,-2320,-2381489,-9.766685
2676,72851,-2308638,-9.467917
2677,-72309,-2380947,-9.764462
2678,-39604,-2420551,-9.926882
2679,-56894,-2477445,-10.160209
2680,-33544,-2510989,-10.297776
2681,3682,-2507307,-10.282675
2682,22694,-2484613,-10.189605
2683,34741,-2449872,-10.047130
2684,-37174,-2487046,-10.199583
2685,95418,-2391628,-9.808266
2686,-73174,-2464802,-10.108359
2687,34606,-2430196,-9.966437
2688,98468,-2331728,-9.562611
2689,43176,-2288552,-9.385543
2690,51716,-2236836,-9.173451
2691,76795,-2160041,-8.858509
2692,-74963,-2235004,-9.165938
2693,77700,-2157304,-8.847284
2694,-17064,-2174368,-8.917265
2695,-69129,-2243497,-9.200769
2696,85523,-2157974,-8.850032
2697,-91337,-2249311,-9.224612
2698,-77494,-2326805,-9.542422
2699,10416,-2316389,-9.499705
2700,24598,-2291791,-9.398826
2701,-36917,-2328708,-9.550226
2702,-22440,-2351148,-9.642254
2703,1776,-2349372,-9.634971
2704,93057,-2256315,-9.253336
2705,-59064,-2315379,-9.495563
2706,-66636,-2382015,-9.768842
2707,30447,-2351568,-9.643977
2708,-16297,-2367865,-9.710812
2709,22244,-2345621,-9.619588
2710,76822,-2268799,-9.304534
2711,87528,-2181271,-8.945575
2712,43632,-2137639,-8.766636
2713,95101,-2042538,-8.376619
2714,34615,-2007923,-8.234660
2715,94226,-1913697,-7.848231
2716,64442,-1849255,-7.583949
2717,46928,-1802327,-7.391494
2718,-75898,-1878225,-7.702758
2719,-47095,-1925320,-7.895898
2720,21143,-1904177,-7.809189
2721,37290,-1866887,-7.656259
2722,-62051,-1928938,-7.910736
2723,-59416,-1988354,-8.154406
2724,-92346,-2080700,-8.533124
2725,27263,-2053437,-8.421317
2726,-77980,-2131417,-8.741119
2727,-98984,-2230401,-9.147061
2728,-33403,-2263804,-9.284049
2729,-50803,-2314607,-9.492397
2730,-65362,-2379969,-9.760452
2731,-11843,-2391812,-9.809021
2732,10601,-2381211,-9.765545
2733,-42867,-2424078,-9.941346
2734,49369,-2374709,-9.738880
2735,-9375,-2384084,-9.777328
2736,46118,-2337966,-9.588194
2737,76415,-2261551,-9.274810
2738,-62765,-2324316,-9.532214
2739,98757,-2225559,-9.127203
2740,46122,-2179437,-8.938053
2741,-82757,-2262194,-9.277447
2742,90588,-2171606,-8.905938
2743,33345,-2138261,-8.769187
2744,12819,-2125442,-8.716615
2745,65443,-2059999,-8.448228
2746,33939,-2026060,-8.309041
2747,-66342,-2092402,-8.581115
2748,-64546,-2156948,-8.845824
2749,56514,-2100434,-8.614055
2750,-54817,-2155251,-8.838864
2751,-72989,-2228240,-9.138198
2752,-34593,-2262833,-9.280067
2753,89304,-2173529,-8.913824
2754,27737,-2145792,-8.800072
2755,82151,-2063641,-8.463164
2756,32129,-2031512,-8.331400
2757,-51750,-2083262,-8.543631
2758,-8227,-2091489,-8.577371
2759,-79629,-2171118,-8.903936
2760,-10037,-2181155,-8.945099
2761,-94760,-2275915,-9.333717
2762,-55384,-2331299,-9.560852
2763,70785,-2260514,-9.270557
2764,6413,-2254101,-9.244256
2765,10495,-2243606,-9.201216
2766,33089,-2210517,-9.065515
2767,-15107,-2225624,-9.127470
2768,95568,-2130056,-8.735538
2769,-32800,-2162856,-8.870053
2770,94939,-2067917,-8.480700
2771,47192,-2020725,-8.287162
2772,360,-2020365,-8.285686
2773,99644,-1920721,-7.877037
2774,-24121,-1944842,-7.975959
2775,-43450,-1988292,-8.154152
2776,49752,-1938540,-7.950114
2777,-90987,-2029527,-8.323260
2778,-81412,-2110939,-8.657137
2779,43882,-2067057,-8.477173
2780,40002,-2027055,-8.313122
2781,75833,-1951222,-8.002124
2782,40610,-1910612,-7.835579
2783,7407,-1903205,-7.805203
2784,-66594,-1969799,-8.078310
2785,-8662,-1978461,-8.113834
2786,82040,-1896421,-7.777381
2787,-26437,-1922858,-7.885801
2788,317,-1922541,-7.884501
2789,33029,-1889512,-7.749046
2790,62738,-1826774,-7.491753
2791,-38819,-1865593,-7.650953
2792,-72507,-1938100,-7.948310
2793,-15729,-1953829,-8.012816
2794,98444,-1855385,-7.609089
2795,-38854,-1894239,-7.768432
2796,34736,-1859503,-7.625977
2797,931,-1858572,-7.622159
2798,26930,-1831642,-7.511717
2799,42385,-1789257,-7.337892
2800,-18445,-1807702,-7.413537
2801,52938,-1754764,-7.196434
2802,-6273,-1761037,-7.222160
2803,55663,-1705374,-6.993881
2804,36717,-1668657,-6.843302
2805,44455,-1624202,-6.660988
2806,82106,-1542096,-6.324264
2807,-94066,-1636162,-6.710037
2808,-40158,-1676320,-6.874728
2809,88267,-1588053,-6.512738
2810,-7809,-1595862,-6.544763
2811,-63797,-1659659,-6.806400
2812,26760,-1632899,-6.696655
2813,-89937,-1722836,-7.065494
2814,50259,-1672577,-6.859378
2815,-29904,-1702481,-6.982017
2816,-92332,-1794813,-7.360678
2817,-54909,-1849722,-7.585864
2818,54055,-1795667,-7.364180
2819,-41935,-1837602,-7.536159
2820,40134,-1797468,-7.371566
2821,-58656,-1856124,-7.612120
2822,-8906,-1865030,-7.648644
2823,98337,-1766693,-7.245356
2824,1718,-1764975,-7.238310
2825,-97244,-1862219,-7.637116
2826,-69316,-1931535,-7.921386
2827,96315,-1835220,-7.526390
2828,60218,-1775002,-7.279431
2829,43023,-1731979,-7.102991
2830,27482,-1704497,-6.990285
2831,91355,-1613142,-6.615630
2832,6258,-1606884,-6.589965
2833,60365,-1546519,-6.342404
2834,44172,-1502347,-6.161251
2835,-81100,-1583447,-6.493848
2836,63349,-1520098,-6.234049
2837,53972,-1466126,-6.012705
2838,78846,-1387280,-5.689351
2839,60720,-1326560,-5.440333
2840,62545,-1264015,-5.183831
2841,-68584,-1332599,-5.465100
2842,-79983,-1412582,-5.793117
2843,-30111,-1442693,-5.916604
2844,-99834,-1542527,-6.326032
2845,-15828,-1558355,-6.390944
2846,-83671,-1642026,-6.734086
2847,89756,-1552270,-6.365989
2848,82172,-1470098,-6.028995
2849,6262,-1463836,-6.003314
2850,-5810,-1469646,-6.027141
2851,79457,-1390189,-5.701281
2852,48592,-1341597,-5.502001
2853,-20327,-1361924,-5.585364
2854,-89247,-1451171,-5.951373
2855,36645,-1414526,-5.801089
2856,-86172,-1500698,-6.154488
2857,-5772,-1506470,-6.178159
2858,-29185,-1535655,-6.297849
2859,-97573,-1633228,-6.698004
2860,-66978,-1700206,-6.972687
2861,-89162,-1789368,-7.338348
2862,-61945,-1851313,-7.592389
2863,21183,-1830130,-7.505516
2864,55497,-1774633,-7.277918
2865,3013,-1771620,-7.265562
2866,-75530,-1847150,-7.575316
2867,26713,-1820437,-7.465764
2868,68334,-1752103,-7.185521
2869,-104,-1752207,-7.185947
2870,-28747,-1780954,-7.303841
2871,48055,-1732899,-7.106764
2872,-73279,-1806178,-7.407287
2873,37036,-1769142,-7.255399
2874,-79515,-1848657,-7.581497
2875,82474,-1766183,-7.243264
2876,49136,-1717047,-7.041753
2877,-47142,-1764189,-7.235086
2878,52222,-1711967,-7.020920
2879,-57424,-1769391,-7.256420
2880,72779,-1696612,-6.957947
2881,-90130,-1786742,-7.327578
2882,78238,-1708504,-7.006718
2883,67716,-1640788,-6.729009
2884,65445,-1575343,-6.460613
2885,12365,-1562978,-6.409903
2886,-43562,-1606540,-6.588555
2887,84016,-1522524,-6.243998
2888,-36368,-1558892,-6.393146
2889,48612,-1510280,-6.193784
2890,8659,-1501621,-6.158273
2891,31456,-1470165,-6.029269
2892,-77040,-1547205,-6.345217
2893,-53306,-1600511,-6.563829
2894,58718,-1541793,-6.323022
2895,-83469,-1625262,-6.665335
2896,-36095,-1661357,-6.813364
2897,-56494,-1717851,-7.045050
2898,-89184,-1807035,-7.410801
2899,89741,-1717294,-7.042766
2900,18478,-1698816,-6.966986
2901,60955,-1637861,-6.717005
2902,-35680,-1673541,-6.863331
2903,12268,-1661273,-6.813019
2904,-55944,-1717217,-7.042450
2905,-92417,-1809634,-7.421460
2906,15972,-1793662,-7.355958
2907,16258,-1777404,-7.289282
2908,104,-1777300,-7.288856
2909,-49161,-1826461,-7.490469
2910,75245,-1751216,-7.181883
2911,-98192,-1849408,-7.584577
2912,-8826,-1858234,-7.620773
2913,-56734,-1914968,-7.853444
2914,18877,-1896091,-7.776028
2915,35361,-1860730,-7.631009
2916,94217,-1766513,-7.244617
2917,96409,-1670104,-6.849236
2918,-68172,-1738276,-7.128815
2919,-43083,-1781359,-7.305502
2920,42574,-1738785,-7.130902
2921,-68574,-1807359,-7.412130
2922,-97287,-1904646,-7.811112
2923,70017,-1834629,-7.523967
2924,-70493,-1905122,-7.813064
2925,98241,-1806881,-7.410170
2926,-37679,-1844560,-7.564695
2927,66023,-1778537,-7.293929
2928,-96966,-1875503,-7.691594
2929,48737,-1826766,-7.491720
2930,-3425,-1830191,-7.505766
2931,-11035,-1841226,-7.551022
2932,-68425,-1909651,-7.831638
2933,-45048,-1954699,-8.016384
2934,-65939,-2020638,-8.286805
2935,-32241,-2052879,-8.419028
2936,51484,-2001395,-8.207888
2937,29516,-1971879,-8.086840
2938,99949,-1871930,-7.676941
2939,14892,-1857038,-7.615868
2940,84985,-1772053,-7.267337
2941,-93068,-1865121,-7.649017
2942,65680,-1799441,-7.379658
2943,-55049,-1854490,-7.605418
2944,-71885,-1926375,-7.900225
2945,19309,-1907066,-7.821037
2946,71623,-1835443,-7.527305
2947,-77668,-1913111,-7.845828
2948,-4783,-1917894,-7.865443
2949,94017,-1823877,-7.479872
2950,-51914,-1875791,-7.692776
2951,-73061,-1948852,-7.992405
2952,13130,-1935722,-7.938558
2953,6905,-1928817,-7.910240
2954,5220,-1923597,-7.888832
2955,-49086,-1972683,-8.090138
2956,-4611,-1977294,-8.109048
2957,49022,-1928272,-7.908004
2958,-14534,-1942806,-7.967610
2959,-93714,-2036520,-8.351939
2960,63540,-1972980,-8.091356
2961,-5925,-1978905,-8.115655
2962,-42830,-2021735,-8.291304
2963,-27270,-2049005,-8.403141
2964,-24256,-2073261,-8.502616
2965,1369,-2071892,-8.497002
2966,24515,-2047377,-8.396464
2967,83353,-1964024,-8.054626
2968,-86354,-2050378,-8.408771
2969,-35325,-2085703,-8.553642
2970,-52765,-2138468,-8.770036
2971,-57520,-2195988,-9.005930
2972,94137,-2101851,-8.619866
2973,87182,-2014669,-8.262326
2974,78891,-1935778,-7.938787
2975,6372,-1929406,-7.912655
2976,-1359,-1930765,-7.918228
2977,-34907,-1965672,-8.061385
2978,9441,-1956231,-8.022667
2979,-94898,-2051129,-8.411851
2980,47762,-2003367,-8.215975
2981,89564,-1913803,-7.848666
2982,-25694,-1939497,-7.954039
2983,-38131,-1977628,-8.110418
2984,89586,-1888042,-7.743018
2985,5423,-1882619,-7.720778
2986,22420,-1860199,-7.628831
2987,-92723,-1952922,-8.009096
2988,9100,-1943822,-7.971776
2989,36503,-1907319,-7.822074
2990,-30336,-1937655,-7.946485
2991,51322,-1886333,-7.736009
2992,82515,-1803818,-7.397608
2993,-40519,-1844337,-7.563780
2994,43511,-1800826,-7.385338
2995,81996,-1718830,-7.049065
2996,-98530,-1817360,-7.453145
2997,-85007,-1902367,-7.801766
2998,18816,-1883551,-7.724600
2999,4218,-1879333,-7.707302
3000,78266,-1801067,-7.386326
3001,93214,-1707853,-7.004048
3002,35167,-1672686,-6.859825
3003,-7564,-1680250,-6.890846
3004,68680,-1611570,-6.609183
3005,91586,-1519984,-6.233581
3006,78195,-1441789,-5.912897
3007,-10619,-1452408,-5.956446
3008,10618,-1441790,-5.912901
3009,-60650,-1502440,-6.161632
3010,-79310,-1581750,-6.486889
3011,-78485,-1660235,-6.808762
3012,-45143,-1705378,-6.993898
3013,91789,-1613589,-6.617463
3014,34908,-1578681,-6.474303
3015,-2002,-1580683,-6.482513
3016,12363,-1568320,-6.431811
3017,-130,-1568450,-6.432344
3018,26218,-1542232,-6.324822
3019,89218,-1453014,-5.958932
3020,74380,-1378634,-5.653893
3021,5934,-1372700,-5.629557
3022,-11366,-1384066,-5.676170
3023,45303,-1338763,-5.490379
3024,98863,-1239900,-5.084933
3025,-46208,-1286108,-5.274436
3026,25438,-1260670,-5.170113
3027,-32380,-1293050,-5.302906
3028,-72551,-1365601,-5.600444
3029,18105,-1347496,-5.526194
3030,69782,-1277714,-5.240012
3031,66930,-1210784,-4.965526
3032,-10792,-1221576,-5.009785
3033,37863,-1183713,-4.854506
3034,-50276,-1233989,-5.060692
3035,-18363,-1252352,-5.136000
3036,74083,-1178269,-4.832180
3037,16596,-1161673,-4.764118
3038,-94250,-1255923,-5.150645
3039,24695,-1231228,-5.049369
3040,40832,-1190396,-4.881913
3041,29731,-1160665,-4.759984
3042,-28633,-1189298,-4.877410
3043,-52063,-1241361,-5.090925
3044,-40924,-1282285,-5.258758
3045,14808,-1267477,-5.198029
3046,61831,-1205646,-4.944455
3047,-11670,-1217316,-4.992315
3048,87230,-1130086,-4.634577
3049,46294,-1083792,-4.444721
3050,75725,-1008067,-4.134167
3051,22562,-985505,-4.041638
3052,33532,-951973,-3.904121
3053,25860,-926113,-3.798067
3054,-40818,-966931,-3.965465
3055,-43725,-1010656,-4.144785
3056,81912,-928744,-3.808857
3057,-54842,-983586,-4.033768
3058,22639,-960947,-3.940924
3059,-37464,-998411,-4.094567
3060,-70478,-1068889,-4.383603
3061,82399,-986490,-4.045678
3062,-37015,-1023505,-4.197479
3063,95094,-928411,-3.807491
3064,-38552,-966963,-3.965596
3065,-43267,-1010230,-4.143038
3066,80176,-930054,-3.814229
3067,-14776,-944830,-3.874827
3068,-80823,-1025653,-4.206289
3069,53915,-971738,-3.985179
3070,24923,-946815,-3.882967
3071,78256,-868559,-3.562033
3072,-37938,-906497,-3.717620
3073,8069,-898428,-3.684528
3074,52599,-845829,-3.468815
3075,-90164,-935993,-3.838585
3076,83124,-852869,-3.497687
3077,-9748,-862617,-3.537664
3078,33831,-828786,-3.398921
3079,-45276,-874062,-3.584601
3080,-78485,-952547,-3.906475
3081,46432,-906115,-3.716053
3082,46932,-859183,-3.523581
3083,93085,-766098,-3.141832
3084,19501,-746597,-3.061857
3085,-99425,-846022,-3.469607
3086,48131,-797891,-3.272218
3087,-27850,-825741,-3.386433
3088,-1054,-826795,-3.390755
3089,16200,-810595,-3.324318
3090,-34677,-845272,-3.466531
3091,87089,-758183,-3.109372
3092,-86296,-844479,-3.463279
3093,5207,-839272,-3.441925
3094,81022,-758250,-3.109647
3095,22022,-736228,-3.019333
3096,5884,-730344,-2.995202
3097,31071,-699273,-2.867777
3098,-58262,-757535,-3.106714
3099,46321,-711214,-2.916748
3100,58033,-653181,-2.678750
3101,-48844,-702025,-2.879063
3102,-8623,-710648,-2.914427
3103,-45555,-756203,-3.101252
3104,25865,-730338,-2.995177
3105,-81938,-812276,-3.331212
3106,-23187,-835463,-3.426304
3107,30500,-804963,-3.301220
3108,-45211,-850174,-3.486635
3109,51672,-798502,-3.274723
3110,-81220,-879722,-3.607813
3111,-29704,-909426,-3.729632
3112,-44377,-953803,-3.911626
3113,-52042,-1005845,-4.125054
3114,-58140,-1063985,-4.363491
3115,26753,-1037232,-4.253775
3116,40640,-996592,-4.087107
3117,-24871,-1021463,-4.189105
3118,-72874,-1094337,-4.487967
3119,-92154,-1186491,-4.865899
3120,-13669,-1200160,-4.921956
3121,-30603,-1230763,-5.047462
3122,-5514,-1236277,-5.070075
3123,25727,-1210550,-4.964567
3124,21620,-1188930,-4.875901
3125,93476,-1095454,-4.492548
3126,-10903,-1106357,-4.537262
3127,79562,-1026795,-4.210972
3128,-45095,-1071890,-4.395910
3129,79691,-992199,-4.069091
3130,-30081,-1022280,-4.192456
3131,64728,-957552,-3.927001
3132,-41007,-998559,-4.095174
3133,-62488,-1061047,-4.351442
3134,72797,-988250,-4.052896
3135,42924,-945326,-3.876861
3136,-80698,-1026024,-4.207810
3137,5726,-1020298,-4.184327
3138,-18032,-1038330,-4.258278
3139,-7906,-1046236,-4.290701
3140,-26915,-1073151,-4.401082
3141,-58788,-1131939,-4.642176
3142,-32077,-1164016,-4.773727
3143,33963,-1130053,-4.634442
3144,37496,-1092557,-4.480667
3145,46934,-1045623,-4.288187
3146,-85596,-1131219,-4.639224
3147,-29413,-1160632,-4.759849
3148,25271,-1135361,-4.656210
3149,-16035,-1151396,-4.721971
3150,82788,-1068608,-4.382451
3151,-53599,-1122207,-4.602265
3152,56202,-1066005,-4.371776
3153,-33419,-1099424,-4.508830
3154,-74870,-1174294,-4.815878
3155,46980,-1127314,-4.623209
3156,-88149,-1215463,-4.984715
3157,-21137,-1236600,-5.071400
3158,93851,-1142749,-4.686509
3159,-81919,-1224668,-5.022466
3160,-10567,-1235235,-5.065802
3161,62705,-1172530,-4.808643
3162,95964,-1076566,-4.415087
3163,59632,-1016934,-4.170531
3164,36383,-980551,-4.021322
3165,42806,-937745,-3.845771
3166,70234,-867511,-3.557735
3167,1705,-865806,-3.550743
3168,9894,-855912,-3.510167
3169,-54914,-910826,-3.735373
3170,95243,-815583,-3.344774
3171,48594,-766989,-3.145486
3172,89126,-677863,-2.779973
3173,-2522,-680385,-2.790316
3174,40366,-640019,-2.624771
3175,47218,-592801,-2.431126
3176,69174,-523627,-2.147438
3177,7534,-516093,-2.116540
3178,-68267,-584360,-2.396509
3179,-87789,-672149,-2.756539
3180,7424,-664725,-2.726093
3181,-51179,-715904,-2.935982
3182,98078,-617826,-2.533756
3183,-89025,-706851,-2.898855
3184,-82473,-789324,-3.237084
3185,-30862,-820186,-3.363651
3186,-67015,-887201,-3.638485
3187,-12034,-899235,-3.687838
3188,50900,-848335,-3.479093
3189,-83111,-931446,-3.819938
3190,-16497,-947943,-3.887593
3191,99382,-848561,-3.480020
3192,-36399,-884960,-3.629295
3193,66541,-818419,-3.356405
3194,83303,-735116,-3.014772
3195,20572,-714544,-2.930405
3196,-85450,-799994,-3.280842
3197,31977,-768017,-3.149702
3198,22923,-745094,-3.055693
3199,91246,-653848,-2.681485
3200,41055,-612793,-2.513115
3201,33394,-579399,-2.376164
3202,38479,-540920,-2.218358
3203,-59983,-600903,-2.464353
3204,21272,-579631,-2.377115
3205,60810,-518821,-2.127728
3206,-86352,-605173,-2.481865
3207,47657,-557516,-2.286420
3208,80947,-476569,-1.954449
3209,54807,-421762,-1.729681
3210,40605,-381157,-1.563157
3211,-45175,-426332,-1.748423
3212,72142,-354190,-1.452563
3213,-95808,-449998,-1.845479
3214,-69816,-519814,-2.131801
3215,98472,-421342,-1.727959
3216,-54181,-475523,-1.950160
3217,63506,-412017,-1.689716
3218,45150,-366867,-1.504552
3219,77703,-289164,-1.185886
3220,-53492,-342656,-1.405261
3221,21588,-321068,-1.316727
3222,6187,-314881,-1.291353
3223,-30328,-345209,-1.415731
3224,-12886,-358095,-1.468577
3225,-95099,-453194,-1.858586
3226,29165,-424029,-1.738978
3227,-94749,-518778,-2.127552
3228,21183,-497595,-2.040679
3229,35493,-462102,-1.895119
3230,3488,-458614,-1.880814
3231,-59721,-518335,-2.125735
3232,-54828,-573163,-2.350589
3233,-76442,-649605,-2.664084
3234,-71022,-720627,-2.955352
3235,48972,-671655,-2.754513
3236,-36990,-708645,-2.906212
3237,-9970,-718615,-2.947100
3238,53656,-664959,-2.727052
3239,-4605,-669564,-2.745938
3240,-78436,-748000,-3.067610
3241,26406,-721594,-2.959317
3242,-70234,-791828,-3.247353
3243,16858,-774970,-3.178217
3244,33348,-741622,-3.041454
3245,5192,-736430,-3.020161
3246,3961,-732469,-3.003917
3247,-82180,-814649,-3.340944
3248,19229,-795420,-3.262084
3249,-80074,-875494,-3.590474
3250,-93982,-969476,-3.975902
3251,-34457,-1003933,-4.117213
3252,-36871,-1040804,-4.268424
3253,-36483,-1077287,-4.418044
3254,-70479,-1147766,-4.707084
3255,-64441,-1212207,-4.971362
3256,52576,-1159631,-4.755744
3257,-80058,-1239689,-5.084068
3258,77075,-1162614,-4.767977
3259,-16511,-1179125,-4.835690
3260,10822,-1168303,-4.791308
3261,-68720,-1237023,-5.073135
3262,-53120,-1290143,-5.290984
3263,-70559,-1360702,-5.580353
3264,-89167,-1449869,-5.946034
3265,55039,-1394830,-5.720314
3266,-68169,-1462999,-5.999881
3267,-71226,-1534225,-6.291985
3268,-38039,-1572264,-6.447986
3269,54563,-1517701,-6.224219
3270,-83458,-1601159,-6.566487
3271,8855,-1592304,-6.530172
3272,16594,-1575710,-6.462118
3273,64245,-1511465,-6.198644
3274,16166,-1495299,-6.132346
3275,9140,-1486159,-6.094862
3276,62498,-1423661,-5.838553
3277,4917,-1418744,-5.818388
3278,6150,-1412594,-5.793166
3279,-91179,-1503773,-6.167099
3280,83055,-1420718,-5.826483
3281,-82640,-1503358,-6.165397
3282,-50971,-1554329,-6.374433
3283,-34067,-1588396,-6.514145
3284,5335,-1583061,-6.492265
3285,-786,-1583847,-6.495489
3286,-86942,-1670789,-6.852045
3287,-98221,-1769010,-7.254858
3288,60345,-1708665,-7.007378
3289,-85068,-1793733,-7.356249
3290,87251,-1706482,-6.998425
3291,67802,-1638680,-6.720364
3292,-93736,-1732416,-7.104783
3293,-81561,-1813977,-7.439271
3294,6115,-1807862,-7.414193
3295,75805,-1732057,-7.103310
3296,17364,-1714693,-7.032099
3297,1064,-1713629,-7.027736
3298,67793,-1645836,-6.749711
3299,92909,-1552927,-6.368683
3300,33154,-1519773,-6.232716
3301,-67406,-1587179,-6.509154
3302,-13684,-1600863,-6.565273
3303,56361,-1544502,-6.334132
3304,74094,-1470408,-6.030266
3305,-57835,-1528243,-6.267452
3306,-60262,-1588505,-6.514592
3307,-5876,-1594381,-6.538690
3308,62959,-1531422,-6.280490
3309,27898,-1503524,-6.166077
3310,-77665,-1581189,-6.484588
3311,69508,-1511681,-6.199530
3312,20422,-1491259,-6.115778
3313,92110,-1399149,-5.738027
3314,32732,-1366417,-5.603790
3315,-94955,-1461372,-5.993209
3316,29330,-1432042,-5.872924
3317,30247,-1401795,-5.748878
3318,-52522,-1454317,-5.964275
3319,38524,-1415793,-5.806285
3320,31517,-1384276,-5.677031
3321,60546,-1323730,-5.428727
3322,-72624,-1396354,-5.726564
3323,-52020,-1448374,-5.939903
3324,37101,-1411273,-5.787748
3325,-92182,-1503455,-6.165795
3326,-14997,-1518452,-6.227298
3327,4048,-1514404,-6.210697
3328,45105,-1469299,-6.025718
3329,-26995,-1496294,-6.136427
3330,52533,-1443761,-5.920984
3331,69611,-1374150,-5.635504
3332,80309,-1293841,-5.306150
3333,-3162,-1297003,-5.319118
3334,-41143,-1338146,-5.487848
3335,73126,-1265020,-5.187953
3336,82142,-1182878,-4.851081
3337,13562,-1169316,-4.795463
3338,92379,-1076937,-4.416609
3339,42590,-1034347,-4.241943
3340,-54044,-1088391,-4.463582
3341,-13921,-1102312,-4.520674
3342,20173,-1082139,-4.437942
3343,55071,-1027068,-4.212092
3344,-4818,-1031886,-4.231851
3345,-37540,-1069426,-4.385805
3346,-76870,-1146296,-4.701056
3347,-21434,-1167730,-4.788958
3348,2930,-1164800,-4.776942
3349,63758,-1101042,-4.515465
3350,-98246,-1199288,-4.918380
3351,-35861,-1235149,-5.065449
3352,-5019,-1240168,-5.086033
3353,-13909,-1254077,-5.143075
3354,-33627,-1287704,-5.280982
3355,59987,-1227717,-5.034970
3356,-24750,-1252467,-5.136472
3357,-34271,-1286738,-5.277020
3358,11919,-1274819,-5.228139
3359,68471,-1206348,-4.947334
3360,-12343,-1218691,-4.997954
3361,6880,-1211811,-4.969738
3362,70476,-1141335,-4.680710
3363,-29876,-1171211,-4.803234
3364,-60785,-1231996,-5.052518
3365,-31512,-1263508,-5.181752
3366,86801,-1176707,-4.825774
3367,71421,-1105286,-4.532870
3368,-81540,-1186826,-4.867273
3369,-5448,-1192274,-4.889615
3370,-55189,-1247463,-5.115950
3371,-72320,-1319783,-5.412540
3372,35327,-1284456,-5.267661
3373,-87306,-1371762,-5.625711
3374,-24224,-1395986,-5.725055
3375,-43531,-1439517,-5.903579
3376,7690,-1431827,-5.872042
3377,22437,-1409390,-5.780026
3378,11078,-1398312,-5.734594
3379,-40792,-1439104,-5.901886
3380,759,-1438345,-5.898773
3381,64728,-1373617,-5.633318
3382,9171,-1364446,-5.595707
3383,29808,-1334638,-5.473462
3384,-75595,-1410233,-5.783483
3385,-98470,-1508703,-6.187317
3386,40706,-1467997,-6.020378
3387,25052,-1442945,-5.917638
3388,-38169,-1481114,-6.074172
3389,30534,-1450580,-5.948950
3390,68786,-1381794,-5.666853
3391,-57794,-1439588,-5.903871
3392,-98162,-1537750,-6.306441
3393,99185,-1438565,-5.899675
3394,91543,-1347022,-5.524250
3395,-83713,-1430735,-5.867564
3396,36312,-1394423,-5.718645
3397,-44923,-1439346,-5.902878
3398,48343,-1391003,-5.704619
3399,57413,-1333590,-5.469164
3400,-23176,-1356766,-5.564211
3401,39843,-1316923,-5.400811
3402,-16464,-1333387,-5.468331
3403,-77002,-1410389,-5.784123
3404,-66498,-1476887,-6.056837
3405,-69258,-1546145,-6.340870
3406,82021,-1464124,-6.004495
3407,-23788,-1487912,-6.102051
3408,-70875,-1558787,-6.392716
3409,94583,-1464204,-6.004823
3410,29588,-1434616,-5.883480
3411,86174,-1348442,-5.530073
3412,-96517,-1444959,-5.925898
3413,51428,-1393531,-5.714987
3414,-90817,-1484348,-6.087435
3415,-94351,-1578699,-6.474376
3416,-57819,-1636518,-6.711497
3417,80898,-1555620,-6.379728
3418,-88315,-1643935,-6.741915
3419,33602,-1610333,-6.604110
3420,-98648,-1708981,-7.008674
3421,-30516,-1739497,-7.133822
3422,88285,-1651212,-6.771758
3423,-89835,-1741047,-7.140179
3424,-74146,-1815193,-7.444258
3425,12857,-1802336,-7.391530
3426,30943,-1771393,-7.264631
3427,-42379,-1813772,-7.438430
3428,-53806,-1867578,-7.659093
3429,86748,-1780830,-7.303333
3430,-87538,-1868368,-7.662333
3431,13114,-1855254,-7.608552
3432,-25797,-1881051,-7.714347
3433,61647,-1819404,-7.461528
3434,-17116,-1836520,-7.531722
3435,-89114,-1925634,-7.897186
3436,63736,-1861898,-7.635799
3437,4864,-1857034,-7.615852
3438,2177,-1854857,-7.606923
3439,-56883,-1911740,-7.840205
3440,52619,-1859121,-7.624410
3441,21143,-1837978,-7.537701
3442,21492,-1816486,-7.449561
3443,54406,-1762080,-7.226437
3444,35982,-1726098,-7.078872
3445,27131,-1698967,-6.967606
3446,-80400,-1779367,-7.297333
3447,43095,-1736272,-7.120596
3448,74822,-1661450,-6.813745
3449,-44918,-1706368,-6.997958
3450,241,-1706127,-6.996969
3451,-76192,-1782319,-7.309439
3452,-90831,-1873150,-7.681945
3453,-42810,-1915960,-7.857512
3454,-57786,-1973746,-8.094497
3455,9396,-1964350,-8.055963
3456,50847,-1913503,-7.847436
3457,62138,-1851365,-7.592602
3458,45126,-1806239,-7.407537
3459,-67435,-1873674,-7.684094
3460,-73027,-1946701,-7.983583
3461,-18208,-1964909,-8.058256
3462,-60439,-2025348,-8.306121
3463,29537,-1995811,-8.184988
3464,-89013,-2084824,-8.550037
3465,25189,-2059635,-8.446735
3466,10138,-2049497,-8.405158
3467,46140,-2003357,-8.215934
3468,6228,-1997129,-8.190393
3469,-31788,-2028917,-8.320758
3470,-42394,-2071311,-8.494619
3471,1590,-2069721,-8.488099
3472,-31360,-2101081,-8.616709
3473,-73351,-2174432,-8.917527
3474,-21937,-2196369,-9.007493
3475,74713,-2121656,-8.701088
3476,-28336,-2149992,-8.817297
3477,11925,-2138067,-8.768391
3478,-97499,-2235566,-9.168243
3479,-22849,-2258415,-9.261949
3480,-57079,-2315494,-9.496034
3481,96985,-2218509,-9.098291
3482,35748,-2182761,-8.951685
3483,-44022,-2226783,-9.132223
3484,26032,-2200751,-9.025464
3485,40473,-2160278,-8.859480
3486,-24791,-2185069,-8.961150
3487,59354,-2125715,-8.717735
3488,19511,-2106204,-8.637718
3489,15517,-2090687,-8.574082
3490,82501,-2008186,-8.235738
3491,-25215,-2033401,-8.339147
3492,-27621,-2061022,-8.452423
3493,71920,-1989102,-8.157473
3494,60710,-1928392,-7.908497
3495,9062,-1919330,-7.871333
3496,70005,-1849325,-7.584236
3497,71207,-1778118,-7.292210
3498,56303,-1721815,-7.061307
3499,-72591,-1794406,-7.359009
3500,-87226,-1881632,-7.716730
3501,-91696,-1973328,-8.092783
3502,33321,-1940007,-7.956131
3503,-55183,-1995190,-8.182441
3504,-43418,-2038608,-8.360502
3505,-16742,-2055350,-8.429162
3506,72526,-1982824,-8.131727
3507,80081,-1902743,-7.803308
3508,-42313,-1945056,-7.976837
3509,-41737,-1986793,-8.148004
3510,24558,-1962235,-8.047290
3511,89267,-1872968,-7.681198
3512,17257,-1855711,-7.610426
3513,20291,-1835420,-7.527211
3514,-82317,-1917737,-7.864800
3515,-92313,-2010050,-8.243383
3516,-44903,-2054953,-8.427534
3517,-87155,-2142108,-8.784964
3518,88394,-2053714,-8.422453
3519,65817,-1987897,-8.152532
3520,-52330,-2040227,-8.367141
3521,30262,-2009965,-8.243034
3522,-83865,-2093830,-8.586972
3523,53347,-2040483,-8.368191
3524,10868,-2029615,-8.323621
3525,26696,-2002919,-8.214138
3526,82819,-1920100,-7.874490
3527,-74128,-1994228,-8.178496
3528,-22812,-2017040,-8.272049
3529,-79696,-2096736,-8.598889
3530,59916,-2036820,-8.353169
3531,-50536,-2087356,-8.560421
3532,-39607,-2126963,-8.722853
3533,60509,-2066454,-8.474700
3534,26303,-2040151,-8.366830
3535,84454,-1955697,-8.020477
3536,-1666,-1957363,-8.027309
3537,-18575,-1975938,-8.103487
3538,-83910,-2059848,-8.447609
3539,56537,-2003311,-8.215746
3540,-73096,-2076407,-8.515518
3541,70441,-2005966,-8.226634
3542,92625,-1913341,-7.846771
3543,-1575,-1914916,-7.853230
3544,59883,-1855033,-7.607645
3545,93708,-1761325,-7.223341
3546,-85565,-1846890,-7.574250
3547,94376,-1752514,-7.187206
3548,9910,-1742604,-7.146565
3549,14357,-1728247,-7.087685
3550,-63219,-1791466,-7.346952
3551,-79111,-1870577,-7.671392
3552,51973,-1818604,-7.458247
3553,-65688,-1884292,-7.727639
3554,37871,-1846421,-7.572327
3555,95186,-1751235,-7.181961
3556,-55879,-1807114,-7.411125
3557,-55471,-1862585,-7.638617
3558,85489,-1777096,-7.288019
3559,-39285,-1816381,-7.449130
3560,-5424,-1821805,-7.471374
3561,-26684,-1848489,-7.580808
3562,-57,-1848546,-7.581042
3563,-4555,-1853101,-7.599722
3564,-37892,-1890993,-7.755120
3565,75762,-1815231,-7.444414
3566,28314,-1786917,-7.328296
3567,-29727,-1816644,-7.450209
3568,-67099,-1883743,-7.725387
3569,32725,-1851018,-7.591179
3570,40569,-1810449,-7.424803
3571,27822,-1782627,-7.310702
3572,60054,-1722573,-7.064416
3573,51476,-1671097,-6.853308
3574,-1688,-1672785,-6.860231
3575,75828,-1596957,-6.549254
3576,69966,-1526991,-6.262318
3577,45609,-1481382,-6.075271
3578,-82028,-1563410,-6.411675
3579,-63400,-1626810,-6.671684
3580,-72332,-1699142,-6.968323
3581,59782,-1639360,-6.723152
3582,3616,-1635744,-6.708323
3583,-70853,-1706597,-6.998897
3584,-76998,-1783595,-7.314672
3585,92561,-1691034,-6.935072
3586,-16324,-1707358,-7.002018
3587,-89967,-1797325,-7.370980
3588,8430,-1788895,-7.336408
3589,-27802,-1816697,-7.450426
3590,-65608,-1882305,-7.719490
3591,40653,-1841652,-7.552769
3592,-6977,-1848629,-7.581382
3593,-64554,-1913183,-7.846123
3594,-60611,-1973794,-8.094694
3595,26977,-1946817,-7.984059
3596,50467,-1896350,-7.777090
3597,-37687,-1934037,-7.931647
3598,-5254,-1939291,-7.953194
3599,35321,-1903970,-7.808340
3600,13610,-1890360,-7.752524
3601,34095,-1856265,-7.612698
3602,7294,-1848971,-7.582784
3603,-35093,-1884064,-7.726704
3604,-96187,-1980251,-8.121175
3605,54202,-1926049,-7.898888
3606,-62542,-1988591,-8.155378
3607,51550,-1937041,-7.943967
3608,96410,-1840631,-7.548581
3609,94414,-1746217,-7.161382
3610,-55176,-1801393,-7.387663
3611,16492,-1784901,-7.320028
3612,-66666,-1851567,-7.593431
3613,74082,-1777485,-7.289614
3614,81057,-1696428,-6.957193
3615,46560,-1649868,-6.766246
3616,1685,-1648183,-6.759336
3617,53509,-1594674,-6.539891
3618,-29215,-1623889,-6.659704
3619,-3722,-1627611,-6.674969
3620,39238,-1588373,-6.514050
3621,-59621,-1647994,-6.758561
3622,-89849,-1737843,-7.127039
3623,-7961,-1745804,-7.159688
3624,76084,-1669720,-6.847661
3625,64466,-1605254,-6.583281
3626,46787,-1558467,-6.391403
3627,-2346,-1560813,-6.401024
3628,-13786,-1574599,-6.457562
3629,-25112,-1599711,-6.560548
3630,-71945,-1671656,-6.855601
3631,13682,-1657974,-6.799490
3632,90807,-1567167,-6.427083
3633,-96516,-1663683,-6.822903
3634,-38105,-1701788,-6.979175
3635,79919,-1621869,-6.651420
3636,-80361,-1702230,-6.980987
3637,-15169,-1717399,-7.043197
3638,-15736,-1733135,-7.107731
3639,-88362,-1821497,-7.470111
3640,-11237,-1832734,-7.516195
3641,-96738,-1929472,-7.912926
3642,70929,-1858543,-7.622040
3643,-5535,-1864078,-7.644740
3644,20220,-1843858,-7.561816
3645,37736,-1806122,-7.407057
3646,7205,-1798917,-7.377509
3647,-37418,-1836335,-7.530963
3648,-54560,-1890895,-7.754718
3649,56032,-1834863,-7.524926
3650,49321,-1785542,-7.322657
3651,28009,-1757533,-7.207790
3652,-36130,-1793663,-7.355962
3653,78607,-1715056,-7.033588
3654,-17471,-1732527,-7.105238
3655,93138,-1639389,-6.723271
3656,-54610,-1693999,-6.947231
3657,22662,-1671337,-6.854293
3658,-33139,-1704476,-6.990198
3659,54499,-1649977,-6.766693
3660,29721,-1620256,-6.644805
3661,11210,-1609046,-6.598832
3662,16212,-1592834,-6.532345
3663,-85775,-1678609,-6.884116
3664,-82377,-1760986,-7.221951
3665,-77059,-1838045,-7.537976
3666,93365,-1744680,-7.155078
3667,-41665,-1786345,-7.325950
3668,-30329,-1816674,-7.450332
3669,-28901,-1845575,-7.568857
3670,79104,-1766471,-7.244445
3671,81919,-1684552,-6.908488
3672,50352,-1634200,-6.701991
3673,91025,-1543175,-6.328690
3674,2266,-1540909,-6.319396
3675,44102,-1496807,-6.138530
3676,94287,-1402520,-5.751852
3677,-38620,-1441140,-5.910235
3678,92467,-1348673,-5.531021
3679,25092,-1323581,-5.428116
3680,11507,-1312074,-5.380925
3681,17839,-1294235,-5.307766
3682,43546,-1250689,-5.129180
3683,53886,-1196803,-4.908189
3684,-49959,-1246762,-5.113075
3685,-82013,-1328775,-5.449417
3686,86174,-1242601,-5.096010
3687,61607,-1180994,-4.843355
3688,89499,-1091495,-4.476312
3689,-73378,-1164873,-4.777241
3690,-92270,-1257143,-5.155648
3691,-49397,-1306540,-5.358230
3692,-85510,-1392050,-5.708913
3693,61112,-1330938,-5.458288
3694,-1501,-1332439,-5.464444
3695,96743,-1235696,-5.067692
3696,14498,-1221198,-5.008235
3697,92966,-1128232,-4.626974
3698,80285,-1047947,-4.297718
3699,2579,-1045368,-4.287141
3700,-35373,-1080741,-4.432209
3701,-40216,-1120957,-4.597138
3702,61207,-1059750,-4.346123
3703,-37040,-1096790,-4.498027
3704,-11557,-1108347,-4.545424
3705,19454,-1088893,-4.465641
3706,78397,-1010496,-4.144128
3707,76657,-933839,-3.829752
3708,-99604,-1033443,-4.238236
3709,31681,-1001762,-4.108310
3710,-91436,-1093198,-4.483296
3711,5643,-1087555,-4.460154
3712,63309,-1024246,-4.200518
3713,96556,-927690,-3.804534
3714,44221,-883469,-3.623180
3715,13852,-869617,-3.566372
3716,53963,-815654,-3.345065
3717,88658,-726996,-2.981471
3718,81490,-645506,-2.647274
3719,-72630,-718136,-2.945136
3720,19187,-698949,-2.866448
3721,25480,-673469,-2.761953
3722,29677,-643792,-2.640245
3723,-19220,-663012,-2.719068
3724,-13006,-676018,-2.772406
3725,-16807,-692825,-2.841333
3726,77401,-615424,-2.523905
3727,18028,-597396,-2.449971
3728,-69301,-666697,-2.734180
3729,-62145,-728842,-2.989042
3730,-16379,-745221,-3.056214
3731,70697,-674524,-2.766279
3732,-53342,-727866,-2.985039
3733,-19826,-747692,-3.066347
3734,-17765,-765457,-3.139203
3735,-70835,-836292,-3.429703
3736,68743,-767549,-3.147783
3737,-21479,-789028,-3.235870
3738,43769,-745259,-3.056369
3739,-75806,-821065,-3.367256
3740,-65973,-887038,-3.637817
3741,81607,-805431,-3.303140
3742,32531,-772900,-3.169727
3743,-25315,-798215,-3.273546
3744,-47574,-845789,-3.468651
3745,79493,-766296,-3.142644
3746,-44772,-811068,-3.326258
3747,96207,-714861,-2.931705
3748,18772,-696089,-2.854719
3749,-5152,-701241,-2.875848
3750,92977,-608264,-2.494541
3751,-74322,-682586,-2.799342
3752,-56381,-738967,-3.030565
3753,-74699,-813666,-3.336912
3754,11262,-802404,-3.290726
3755,95153,-707251,-2.900495
3756,-66188,-773439,-3.171938
3757,-60289,-833728,-3.419188
3758,3399,-830329,-3.405249
3759,36146,-794183,-3.257011
3760,82503,-711680,-2.918659
3761,-85709,-797389,-3.270159
3762,92215,-705174,-2.891977
3763,-79841,-785015,-3.219412
3764,93774,-691241,-2.834837
3765,92155,-599086,-2.456902
3766,96702,-502384,-2.060319
3767,58412,-443972,-1.820766
3768,57862,-386110,-1.583469
3769,-77304,-463414,-1.900500
3770,-30983,-494397,-2.027563
3771,-79495,-573892,-2.353579
3772,61829,-512063,-2.100013
3773,-42507,-554570,-2.274338
3774,86214,-468356,-1.920767
3775,27282,-441074,-1.808881
3776,22243,-418831,-1.717661
3777,43874,-374957,-1.537730
3778,58213,-316744,-1.298994
3779,64981,-251763,-1.032501
3780,-99112,-350875,-1.438968
3781,-88326,-439201,-1.801200
3782,-11698,-450899,-1.849174
3783,24967,-425932,-1.746783
3784,17677,-408255,-1.674288
3785,34679,-373576,-1.532066
3786,23830,-349746,-1.434338
3787,41032,-308714,-1.266062
3788,-8934,-317648,-1.302701
3789,26665,-290983,-1.193346
3790,30276,-260707,-1.069181
3791,16470,-244237,-1.001636
3792,-29511,-273748,-1.122663
3793,53055,-220693,-0.905080
3794,-10215,-230908,-0.946973
3795,-14034,-244942,-1.004528
3796,89584,-155358,-0.637136
3797,63099,-92259,-0.378362
3798,-37027,-129286,-0.530213
3799,78907,-50379,-0.206608
3800,43439,-6940,-0.028462
3801,-66362,-73302,-0.300618
3802,-6008,-79310,-0.325257
3803,-55814,-135124,-0.554155
3804,80277,-54847,-0.224932
3805,40340,-14507,-0.059494
3806,-81096,-95603,-0.392076
3807,76297,-19306,-0.079176
3808,-79144,-98450,-0.403752
3809,-96246,-194696,-0.798465
3810,76909,-117787,-0.483054
3811,56749,-61038,-0.250322
3812,70019,8981,0.036832
3813,-23524,-14543,-0.059642
3814,-51540,-66083,-0.271012
3815,-95555,-161638,-0.662891
3816,-31281,-192919,-0.791177
3817,17388,-175531,-0.719867
3818,81548,-93983,-0.385432
3819,78811,-15172,-0.062222
3820,56102,40930,0.167857
3821,9813,50743,0.208101
3822,36461,87204,0.357631
3823,5479,92683,0.380101
3824,15383,108066,0.443188
3825,14821,122887,0.503970
3826,-45579,77308,0.317047
3827,-620,76688,0.314504
3828,33119,109807,0.450328
3829,8812,118619,0.486466
3830,12951,131570,0.539580
3831,-76463,55107,0.225998
3832,45808,100915,0.413861
3833,20544,121459,0.498114
3834,-30762,90697,0.371956
3835,47177,137874,0.565433
3836,-52467,85407,0.350261
3837,53726,139133,0.570596
3838,-9478,129655,0.531726
3839,-38743,90912,0.372838
3840,-85610,5302,0.021744
3841,6263,11565,0.047429
3842,43955,55520,0.227692
3843,2232,57752,0.236846
3844,-62957,-5205,-0.021346
3845,62142,56937,0.233503
3846,16222,73159,0.300031
3847,4157,77316,0.317079
3848,-35591,41725,0.171118
3849,79378,121103,0.496654
3850,91670,212773,0.872600
3851,-125,212648,0.872087
3852,67220,279868,1.147762
3853,68428,348296,1.428391
3854,-5686,342610,1.405072
3855,-86311,256299,1.051104
3856,-65358,190941,0.783065
3857,-93755,97186,0.398568
3858,50712,147898,0.606542
3859,-42958,104940,0.430368
3860,-11250,93690,0.384231
3861,36113,129803,0.532333
3862,79540,209343,0.858533
3863,-98424,110919,0.454888
3864,-18348,92571,0.379641
3865,-94457,-1886,-0.007735
3866,-27359,-29245,-0.119936
3867,21247,-7998,-0.032800
3868,14968,6970,0.028585
3869,-98701,-91731,-0.376196
3870,-78980,-170711,-0.700100
3871,68910,-101801,-0.417494
3872,-78419,-180220,-0.739097
3873,13749,-166471,-0.682711
3874,10536,-155935,-0.639502
3875,-23861,-179796,-0.737358
3876,19583,-160213,-0.657047
3877,89812,-70401,-0.288720
3878,-77584,-147985,-0.606899
3879,-6303,-154288,-0.632748
3880,-98222,-252510,-1.035565
3881,26947,-225563,-0.925053
3882,99506,-126057,-0.516970
3883,4289,-121768,-0.499381
3884,45548,-76220,-0.312585
3885,89679,13459,0.055196
3886,-71740,-58281,-0.239015
3887,-44555,-102836,-0.421739
3888,12480,-90356,-0.370558
3889,-99510,-189866,-0.778656
3890,-1296,-191162,-0.783971
3891,48164,-142998,-0.586447
3892,-4635,-147633,-0.605455
3893,-32049,-179682,-0.736891
3894,-92366,-272048,-1.115692
3895,-3150,-275198,-1.128610
3896,-78638,-353836,-1.451111
3897,-36573,-390409,-1.601100
3898,54627,-335782,-1.377070
3899,13372,-322410,-1.322230
3900,66864,-255546,-1.048015
3901,28918,-226628,-0.929420
3902,-78553,-305181,-1.251573
3903,-59058,-364239,-1.493775
3904,80860,-283379,-1.162161
3905,-64424,-347803,-1.426369
3906,87456,-260347,-1.067705
3907,11872,-248475,-1.019017
3908,71475,-177000,-0.725892
3909,81490,-95510,-0.391694
3910,-44008,-139518,-0.572175
3911,49517,-90001,-0.369102
3912,-50598,-140599,-0.576608
3913,19857,-120742,-0.495173
3914,13471,-107271,-0.439927
3915,-19747,-127018,-0.520911
3916,50113,-76905,-0.315394
3917,60591,-16314,-0.066905
3918,61928,45614,0.187067
3919,-29552,16062,0.065872
3920,17923,33985,0.139375
3921,-71266,-37281,-0.152892
3922,70407,33126,0.135852
3923,-75548,-42422,-0.173976
3924,90071,47649,0.195413
3925,2844,50493,0.207076
3926,-13173,37320,0.153052
3927,36943,74263,0.304559
3928,-26644,47619,0.195289
3929,32080,79699,0.326852
3930,-7425,72274,0.296402
3931,-48913,23361,0.095805
3932,17431,40792,0.167291
3933,16826,57618,0.236296
3934,72085,129703,0.531923
3935,60276,189979,0.779120
3936,-64164,125815,0.515978
3937,-53301,72514,0.297386
3938,9908,82422,0.338020
3939,-21038,61384,0.251741
3940,30379,91763,0.376328
3941,40369,132132,0.541884
3942,-89194,42938,0.176092
3943,23742,66680,0.273460
3944,-55712,10968,0.044981
3945,-83808,-72840,-0.298723
3946,-45778,-118618,-0.486462
3947,-60183,-178801,-0.733278
3948,-43016,-221817,-0.909690
3949,31985,-189832,-0.778517
3950,51692,-138140,-0.566524
3951,49826,-88314,-0.362183
3952,-90978,-179292,-0.735291
3953,-87402,-266694,-1.093734
3954,35603,-231091,-0.947723
3955,327,-230764,-0.946382
3956,87039,-143725,-0.589428
3957,67533,-76192,-0.312470
3958,41270,-34922,-0.143218
3959,-22012,-56934,-0.233491
3960,-47798,-104732,-0.429515
3961,-74131,-178863,-0.733532
3962,80363,-98500,-0.403957
3963,-69840,-168340,-0.690376
3964,-55639,-223979,-0.918557
3965,98340,-125639,-0.515256
3966,8302,-117337,-0.481209
3967,52643,-64694,-0.265315
3968,-84024,-148718,-0.609905
3969,22089,-126629,-0.519316
3970,9586,-117043,-0.480003
3971,-40021,-157064,-0.644133
3972,62883,-94181,-0.386244
3973,73803,-20378,-0.083572
3974,42425,22047,0.090417
3975,-59388,-37341,-0.153139
3976,55844,18503,0.075882
3977,-97803,-79300,-0.325216
3978,97521,18221,0.074726
3979,10806,29027,0.119042
3980,-62326,-33299,-0.136562
3981,16617,-16682,-0.068414
3982,36845,20163,0.082690
3983,77507,97670,0.400553
3984,-7473,90197,0.369905
3985,63287,153484,0.629451
3986,49413,202897,0.832098
3987,39997,242894,0.996129
3988,-92658,150236,0.616130
3989,-68394,81842,0.335641
3990,-91331,-9489,-0.038915
3991,-15464,-24953,-0.102334
3992,-18799,-43752,-0.179431
3993,81306,37554,0.154012
3994,37072,74626,0.306047
3995,65901,140527,0.576313
3996,-41377,99150,0.406622
3997,45463,144613,0.593070
3998,48974,193587,0.793916
3999,58755,252342,1.034876
4000,-8504,243838,1.000000
